PS D:\Studia\V sem\AlgoMeta\Lista3> ./main_local.exe
Genetic Algorithm (OX)
File: xqf131
Average Cost: 646.32
Minimum Cost: 603
Best Solution: 61 60 59 72 73 90 91 96 97 95 88 87 92 94 99 107 113 108 109 115 119 116 110 111 103 104 122 117 120 129 128 127 131 126 125 124 106 102 101 100 105 114 118 121 130 123 112 98 93 89 74 53 45 46 54 64 68 75 77 78 81 82 69 65 66 70 79 83 84 85 86 80 76 71 67 63 58 
57 56 62 55 47 49 48 50 51 52 36 37 22 35 34 21 33 32 20 31 30 29 28 19 27 26 25 17 16 15 18 13 5 12 14 6 1 7 8 2 3 9 10 4 11 23 38 39 40 41 42 24 43 44
Time elapsed: 29.3762 seconds
File: xqg237
Average Cost: 1322.09
Minimum Cost: 1279
Best Solution: 113 111 110 109 108 100 99 84 77 86 85 76 75 72 71 70 64 69 68 67 57 59 61 65 60 58 56 47 55 36 37 38 39 48 49 40 41 50 51 62 63 52 53 43 44 42 30 20 35 27 34 32 31 33 26 29 24 23 15 14 16 18 19 9 8 1 5 6 2 10 21 11 7 12 22 17 3 4 13 25 28 46 45 54 66 73 78 102 112 127 126 125 133 134 144 143 142 171 178 180 179 188 187 199 200 201 211 212 213 202 224 235 237 236 234 223 221 218 233 232 219 231 230 
229 228 227 225 222 226 205 204 203 214 198 190 191 189 182 181 183 174 173 172 165 146 145 147 148 136 135 130 129 128 118 115 116 117 89 
88 87 74 79 101 104 96 93 97 80 81 82 95 92 83 98 107 91 90 94 103 105 106 120 119 137 152 167 166 175 176 177 184 185 195 194 193 192 206 
215 207 216 217 220 210 209 208 196 197 186 164 163 162 141 161 160 159 140 170 169 168 158 157 156 154 153 149 150 151 138 155 139 121 122 123 131 132 124 114
Time elapsed: 68.2652 seconds
File: pma343
Average Cost: 1860.83
Minimum Cost: 1757
Best Solution: 136 130 132 137 127 115 114 113 112 110 108 111 107 106 98 99 96 86 87 88 89 90 78 73 65 66 75 81 77 80 83 74 64 63 62 51 49 40 37 38 45 35 32 27 23 10 12 14 1 15 2 16 13 25 30 29 28 22 3 17 4 5 18 19 20 6 7 8 9 21 11 24 36 34 31 26 33 39 41 42 43 52 47 46 53 55 
59 58 57 67 68 69 70 60 56 54 48 50 44 61 72 71 82 79 76 84 85 93 91 92 97 95 94 105 104 103 101 100 102 109 120 119 118 117 116 125 128 121 122 123 124 126 129 131 133 134 135 143 142 146 145 144 149 150 152 148 159 157 153 151 155 161 160 166 167 164 165 180 186 195 196 197 199 187 185 181 176 173 182 183 175 174 190 189 188 200 201 202 209 205 208 214 211 221 222 226 224 225 227 236 234 235 245 232 231 233 251 
258 259 260 269 283 299 305 306 311 310 304 320 313 300 309 315 316 314 301 317 318 324 328 327 332 334 338 342 343 341 336 340 339 335 330 337 333 331 326 323 322 329 321 325 319 312 307 302 296 288 287 284 279 277 276 278 293 286 285 294 295 297 298 308 303 291 292 290 289 281 282 280 273 274 275 268 272 266 267 265 264 271 263 270 262 261 256 254 252 246 237 238 247 253 257 255 250 244 243 242 249 248 241 240 239 229 228 230 223 216 217 218 219 220 213 207 204 210 215 212 206 203 192 194 193 198 191 184 179 170 169 168 171 177 178 172 163 158 154 
162 156 147 138 139 140 141
Time elapsed: 134.322 seconds
File: pka379
Average Cost: 1841.36
Minimum Cost: 1715
Best Solution: 174 177 188 185 184 183 182 171 170 161 163 162 155 154 152 145 153 151 139 134 142 144 147 148 149 135 136 126 120 108 104 
95 84 83 82 81 78 80 69 70 67 71 73 72 66 65 57 59 60 58 55 54 53 52 62 64 50 51 44 42 45 47 39 41 36 30 29 28 31 32 33 34 35 26 17 12 19 16 18 25 24 15 11 14 21 23 13 20 7 9 8 6 5 4 3 2 1 10 22 27 37 38 40 43 46 49 48 56 63 61 68 74 75 79 76 77 90 85 88 86 87 89 91 92 93 94 103 106 105 111 112 116 122 123 117 113 114 118 124 125 119 107 101 102 100 99 98 97 96 109 110 115 121 127 128 129 130 131 132 133 138 137 140 141 150 143 146 156 157 158 165 167 168 166 164 160 172 178 173 181 180 176 175 179 187 186 194 195 201 197 196 202 211 204 208 205 210 
209 215 214 225 224 223 222 227 231 232 235 236 239 240 248 251 259 258 267 283 289 284 276 275 269 260 254 253 252 271 270 272 278 277 285 291 290 293 294 296 297 310 307 304 302 309 308 305 303 306 324 325 326 327 323 315 313 301 292 300 295 312 317 322 319 318 320 321 330 331 329 328 338 340 346 347 341 344 343 342 349 363 360 356 350 352 353 351 357 362 361 365 364 367 376 372 373 368 369 371 378 375 377 379 374 370 366 359 358 354 355 348 345 339 332 335 334 333 336 337 316 314 311 299 298 288 287 286 280 273 279 274 268 262 261 255 256 257 263 
281 282 264 265 266 243 238 228 230 229 237 244 246 242 241 247 245 250 249 234 233 221 219 220 218 217 226 216 206 212 213 207 203 200 199 192 193 198 190 191 189 159 169
Time elapsed: 163.097 seconds
File: bcl380
Average Cost: 2246.68
Minimum Cost: 2075
Best Solution: 37 24 8 25 26 38 27 9 28 10 29 39 30 11 49 50 52 31 32 33 34 60 68 35 12 13 1 14 40 41 53 42 55 58 56 43 44 59 77 62 57 45 17 18 63 78 64 79 80 86 65 71 19 48 47 46 76 75 74 73 69 61 85 92 91 90 67 66 95 118 119 120 121 132 122 123 124 125 126 127 128 186 187 188 174 189 196 197 198 199 190 175 96 129 130 97 99 98 100 102 103 152 176 153 133 134 135 136 145 137 138 139 140 141 149 151 150 147 148 167 194 239 166 207 241 208 244 209 165 164 163 161 158 159 162 200 201 202 206 205 204 203 233 240 243 251 268 252 253 269 254 255 283 319 277 337 368 335 356 334 347 346 345 333 355 344 343 332 315 316 317 318 282 280 281 314 313 312 311 340 341 342 375 374 366 364 372 367 373 
353 354 331 267 249 250 278 310 279 276 275 236 232 230 231 193 228 229 266 274 293 308 294 295 296 297 298 299 300 301 309 304 307 306 305 303 362 363 380 379 371 361 370 360 359 328 322 324 291 292 246 227 226 225 224 223 222 235 220 219 217 218 215 216 169 112 110 111 88 81 
93 89 82 94 114 113 131 116 83 117 142 143 144 185 184 192 183 182 173 172 171 157 156 155 154 170 180 191 179 221 262 272 259 260 261 290 
289 288 287 271 258 257 270 286 285 284 338 325 320 263 273 264 265 321 326 330 327 329 351 378 350 349 348 358 377 357 369 376 365 336 352 339 323 302 256 248 247 242 245 238 195 237 177 168 178 214 213 212 234 210 211 181 160 146 106 107 108 109 87 101 104 105 115 84 72 70 54 51 16 15 20 36 21 22 4 2 3 5 6 7 23
Time elapsed: 145.581 seconds
File: pbl395
Average Cost: 1777.11
Minimum Cost: 1654
Best Solution: 19 5 6 8 22 23 13 25 26 24 12 11 10 9 21 20 7 4 18 17 16 3 2 1 14 37 50 55 46 66 85 67 68 69 70 71 86 72 74 75 73 84 87 100 
111 138 137 167 168 169 209 229 228 227 230 231 232 233 234 235 220 221 210 204 194 193 173 174 172 171 170 141 142 125 140 139 166 165 164 192 163 162 161 160 159 122 110 109 99 108 107 135 130 131 132 136 157 188 208 203 200 191 190 189 158 156 155 153 154 187 152 185 186 199 207 202 219 218 206 197 201 215 217 224 251 282 299 304 300 301 283 259 242 241 243 244 260 261 262 271 278 286 272 277 285 293 292 303 302 326 332 337 344 351 350 343 331 336 325 342 349 361 335 330 324 360 363 378 379 377 376 346 359 333 348 347 340 341 334 323 322 339 321 327 352 369 364 365 380 381 382 383 384 385 386 387 388 389 390 395 372 373 371 393 391 392 353 394 374 307 305 306 308 309 310 312 313 315 
314 311 354 375 355 356 366 357 367 358 345 317 316 318 319 320 328 338 362 368 370 329 298 291 276 290 297 296 295 281 266 253 252 250 249 248 245 246 263 284 247 264 265 279 294 287 270 274 280 273 288 289 275 267 254 255 268 258 257 256 237 238 239 213 214 240 269 225 226 216 198 184 183 182 181 180 178 177 176 175 179 195 212 211 236 222 223 205 196 149 147 133 127 126 143 144 145 146 148 117 98 106 121 128 150 151 129 134 118 82 83 94 93 81 80 79 65 61 60 59 76 78 91 92 97 105 116 120 115 104 114 103 96 102 95 101 113 119 124 112 123 88 89 90 77 53 51 45 43 47 48 44 54 52 49 38 41 39 15 35 34 33 32 31 30 29 28 27 36 40 42 64 58 57 63 62 56
Time elapsed: 156.224 seconds
File: pbk411
Average Cost: 1906.28
Minimum Cost: 1756
Best Solution: 28 29 8 31 33 37 38 39 40 49 67 36 35 34 32 30 27 25 26 47 46 45 44 64 57 65 58 75 74 76 77 85 86 87 66 97 89 88 90 91 92 93 94 95 68 69 50 51 72 138 137 136 134 122 115 116 117 118 119 120 121 165 167 157 144 149 143 148 156 142 139 170 171 194 193 192 191 199 209 223 210 224 200 201 202 203 227 225 226 238 239 240 278 277 276 275 274 273 272 214 255 254 253 252 251 244 243 236 242 222 230 237 221 
213 208 198 190 188 187 185 186 197 212 220 219 207 247 234 235 248 250 249 270 269 268 267 266 264 265 233 228 216 204 218 229 217 206 211 196 181 182 183 184 141 132 155 114 133 113 112 110 111 131 147 154 109 130 108 105 106 107 129 128 127 126 140 146 153 145 152 163 164 169 168 180 179 178 177 176 174 175 195 205 215 246 259 260 280 262 263 281 261 287 293 294 285 295 298 303 304 296 297 283 282 284 288 333 356 347 340 334 348 341 358 349 369 335 314 309 322 323 370 326 315 310 316 311 312 324 325 327 338 371 384 382 409 410 408 407 406 405 404 
403 401 411 395 365 357 367 368 375 379 402 400 399 398 397 396 355 364 374 378 394 393 392 391 377 390 389 388 387 361 373 362 353 345 319 300 313 307 306 286 289 299 308 305 317 328 318 329 343 351 380 383 366 336 337 342 350 359 381 386 385 376 372 360 352 344 330 320 331 363 354 346 339 332 321 302 301 292 291 290 279 258 257 256 271 245 241 232 231 189 172 173 161 162 160 150 151 123 159 158 166 135 98 99 124 125 100 101 104 103 102 96 81 80 59 52 54 41 14 13 12 11 10 9 48 70 71 78 79 60 61 55 53 42 16 15 17 19 18 43 21 22 5 7 6 4 3 1 2 20 56 62 73 83 84 82 63 23 24
Time elapsed: 163.638 seconds
File: pbn423
Average Cost: 1931.81
Minimum Cost: 1816
Best Solution: 14 13 36 37 38 48 47 88 84 83 82 81 57 68 69 58 46 35 12 34 33 32 11 31 30 45 67 79 80 95 94 78 29 10 28 27 26 9 25 8 24 23 
52 56 76 19 21 22 7 6 20 18 44 55 66 54 65 75 86 74 64 42 43 5 3 4 2 17 41 40 16 1 15 39 62 53 73 85 90 107 106 104 89 63 72 77 130 113 145 148 146 147 154 143 138 116 117 139 115 114 105 91 108 109 92 111 110 121 122 124 123 120 119 144 118 142 153 155 149 125 126 127 93 87 99 100 129 128 151 150 163 162 161 169 160 159 158 205 207 222 229 221 228 227 245 259 261 262 286 276 275 260 247 231 246 244 270 258 257 256 269 268 243 238 226 220 218 225 272 266 267 274 273 285 313 329 328 347 348 349 350 391 402 368 392 405 415 417 414 413 404 390 411 394 367 346 365 326 327 322 312 305 287 311 271 277 251 254 240 242 230 209 215 217 236 173 175 174 164 168 203 176 177 178 179 180 204 206 181 
182 183 184 186 185 187 188 189 191 190 131 103 101 102 112 132 134 133 135 136 156 216 253 241 255 252 284 294 295 296 325 324 319 292 293 283 282 281 280 291 290 278 279 250 249 265 263 289 302 298 308 316 341 342 299 304 303 309 317 310 318 345 344 343 363 372 383 388 403 420 422 421 423 410 409 399 416 400 401 412 377 376 375 364 374 373 384 398 389 397 396 382 370 356 369 353 351 352 366 378 379 380 385 393 418 419 406 407 408 386 381 395 387 362 361 360 359 371 358 357 355 354 330 331 333 332 323 334 335 336 337 338 339 340 321 307 315 297 301 
320 314 306 300 288 264 248 232 233 234 223 219 224 235 239 237 214 202 213 201 212 199 198 200 171 166 165 170 194 192 193 195 208 196 210 211 197 172 167 157 152 140 141 137 98 97 96 70 59 60 49 71 61 51 50
Time elapsed: 169.748 seconds
File: pbm436
Average Cost: 2171.53
Minimum Cost: 2039
Best Solution: 65 60 53 32 31 8 9 7 30 6 29 28 27 5 4 3 50 26 51 52 64 72 81 99 98 80 71 90 115 116 97 117 118 63 25 49 2 24 23 48 77 78 62 70 96 79 69 47 1 20 21 22 19 16 56 83 94 95 107 108 109 114 124 126 153 164 174 167 152 125 215 214 191 173 159 188 189 198 213 273 283 271 263 245 248 279 281 285 293 287 286 288 275 252 253 257 258 254 240 224 225 206 205 207 226 243 244 228 227 229 230 193 179 178 204 177 137 138 140 139 136 135 134 133 132 131 130 129 127 128 155 154 165 168 175 169 176 192 200 201 203 202 208 223 242 222 221 220 216 217 218 
219 241 251 261 289 297 313 276 262 294 259 264 277 295 291 290 278 265 266 280 296 292 316 317 336 330 319 318 347 356 381 382 383 384 386 385 398 388 389 387 405 409 424 419 403 365 392 391 390 399 400 404 425 426 427 428 413 406 410 412 401 402 411 432 414 431 430 429 436 435 423 418 417 422 421 420 407 395 380 341 357 346 312 320 363 408 415 379 364 342 343 361 360 362 345 335 355 344 314 315 298 300 302 301 299 303 304 305 307 306 309 308 310 311 321 331 337 352 322 348 366 367 368 370 375 377 376 378 359 394 397 434 416 433 396 393 354 351 329 
340 334 326 325 324 328 333 339 350 374 371 372 373 369 358 353 349 338 332 327 323 260 256 268 267 255 246 231 232 233 234 247 249 270 282 269 284 274 272 239 238 250 237 235 236 209 197 211 212 210 199 186 187 161 163 162 106 105 88 59 58 89 123 113 112 111 151 160 172 185 196 190 184 171 183 166 158 150 149 148 147 146 145 143 157 181 195 194 182 180 170 156 141 142 144 102 110 103 104 87 42 43 44 17 46 18 45 15 41 40 14 13 57 68 76 93 86 61 35 36 12 39 37 38 34 10 54 11 33 55 67 75 85 101 122 121 119 120 92 84 74 66 100 91 82 73
Time elapsed: 175.668 seconds
File: xql662
Average Cost: 3715.13
Minimum Cost: 3427
Best Solution: 620 647 646 621 622 634 626 625 645 643 618 613 644 662 660 657 658 659 661 642 636 641 635 633 632 650 640 649 639 638 624 
631 607 598 606 597 596 584 573 563 575 574 576 599 608 609 585 577 610 611 612 580 578 586 579 564 541 545 557 540 536 535 532 533 534 499 500 481 484 485 477 468 466 465 458 457 455 454 456 433 419 431 432 460 434 430 448 449 451 453 452 450 476 470 464 447 446 463 462 471 496 505 497 506 498 530 531 537 529 526 527 525 495 494 528 538 524 522 521 520 523 555 554 572 561 571 582 570 569 581 560 552 553 562 583 605 630 629 637 648 652 628 619 623 603 595 604 594 593 592 591 627 651 654 653 656 655 602 588 587 601 600 568 559 551 556 539 509 510 511 
512 513 514 515 516 519 518 517 491 504 493 492 475 474 461 445 444 443 440 441 442 439 438 437 473 483 482 503 490 480 486 489 472 467 436 428 427 423 413 404 405 376 359 358 388 346 335 331 334 336 314 323 293 302 265 247 239 241 253 245 255 267 268 269 270 296 295 294 308 315 324 337 338 325 347 377 378 415 429 417 409 400 410 416 418 408 399 407 406 398 393 397 360 361 362 379 380 365 366 369 368 367 383 382 381 364 363 354 326 316 309 318 329 317 327 339 340 341 320 310 330 348 349 350 355 351 373 385 386 392 387 389 345 313 312 321 322 333 344 
343 342 307 303 304 311 305 306 266 291 254 252 251 224 213 212 202 211 230 240 218 210 264 258 248 249 250 231 223 215 232 225 242 216 183 184 167 160 159 166 165 155 154 141 106 131 94 129 140 152 177 174 175 176 157 164 151 139 128 91 89 92 83 55 41 46 40 53 47 39 36 38 32 31 6 30 29 27 28 25 35 24 23 21 22 4 5 26 45 52 67 68 72 66 65 78 80 79 81 100 105 101 138 127 126 125 124 123 120 121 122 104 103 99 102 112 135 143 142 148 156 179 169 168 188 189 190 206 207 191 192 208 193 194 197 196 195 173 182 199 200 201 198 172 181 170 171 163 180 162 161 149 150 145 144 136 114 115 117 118 119 130 116 137 113 111 110 109 108 134 133 147 146 132 107 96 86 85 84 88 95 97 90 58 57 56 50 37 12 13 16 19 20 18 3 17 34 60 69 62 63 64 71 82 77 76 75 73 74 61 70 59 54 44 15 14 2 11 10 9 49 43 1 8 7 33 51 48 42 87 98 93 153 158 203 209 214 204 185 178 233 259 271 272 273 274 275 298 297 328 319 299 300 277 278 279 301 276 260 235 227 219 217 220 205 187 186 226 234 243 228 222 229 221 244 237 236 261 262 238 246 263 283 292 286 284 280 281 282 256 257 285 287 288 289 290 332 353 352 356 374 372 371 384 370 
401 411 414 420 421 422 424 402 394 390 391 396 375 357 412 426 403 395 425 435 469 459 478 487 488 501 479 502 507 508 558 546 549 566 565 542 543 544 548 547 550 567 590 589 617 616 615 614
Time elapsed: 394.264 seconds
File: xit1083
Average Cost: 5904.52
Minimum Cost: 5522
Best Solution: 288 261 259 266 290 291 292 293 267 196 173 160 136 135 142 134 157 159 143 107 125 124 118 103 104 141 168 190 216 233 248 
247 246 232 244 265 243 186 183 155 166 185 184 224 214 215 187 167 188 189 172 156 101 100 99 86 102 82 72 52 9 33 10 12 11 35 34 8 32 81 
71 31 30 51 7 5 4 29 28 50 26 27 3 25 19 6 67 59 58 70 76 123 140 144 163 158 151 130 154 126 93 121 95 94 96 80 97 98 165 180 212 213 223 
231 242 230 257 280 281 282 307 306 229 222 211 182 181 179 178 177 220 245 221 239 240 256 241 308 309 283 284 258 234 217 191 192 195 194 193 218 219 235 250 249 260 262 269 263 295 294 296 297 324 299 272 271 254 251 238 210 209 176 208 228 227 237 255 300 301 305 312 311 310 317 313 335 326 338 337 325 334 316 303 304 273 253 252 236 226 264 225 203 204 205 174 207 175 171 149 128 120 119 92 79 68 69 24 2 55 60 56 63 61 64 23 1 22 21 49 48 20 47 18 46 44 43 54 45 17 42 16 14 40 15 41 39 38 13 37 57 53 36 87 73 74 65 62 66 83 75 106 105 109 108 113 112 111 110 84 77 78 89 85 88 114 115 116 117 90 91 131 122 127 133 139 147 146 129 148 153 152 150 145 132 138 137 164 170 162 161 169 198 197 199 206 200 201 202 268 270 298 315 314 357 386 387 385 419 402 403 401 400 381 382 345 351 344 384 383 399 398 415 431 439 438 412 
428 461 472 504 492 519 526 548 547 549 586 587 592 591 590 589 588 550 556 593 594 595 554 553 552 551 505 493 483 520 482 471 459 460 458 457 470 469 456 502 516 546 545 530 517 491 503 455 468 467 481 490 542 541 539 540 544 543 577 606 578 579 576 574 575 613 605 604 538 480 500 514 501 515 450 449 424 411 406 366 369 393 370 371 372 374 376 373 407 425 408 427 375 377 348 332 322 285 321 331 347 346 330 320 342 319 329 336 367 368 365 339 340 341 328 318 279 278 277 276 286 274 275 302 327 333 349 395 426 391 361 363 355 354 353 352 362 404 422 
392 364 405 410 423 448 466 489 513 488 465 479 499 478 464 473 518 527 498 487 512 525 529 535 536 537 568 569 567 596 570 573 571 572 623 618 624 635 633 663 662 661 660 659 658 714 707 694 685 628 641 643 642 640 652 653 654 656 655 657 704 728 729 720 727 755 753 754 752 751 791 792 793 757 756 794 795 758 737 736 739 759 734 732 733 735 705 693 719 730 731 748 749 789 807 818 811 750 802 801 821 837 828 838 817 806 810 825 787 788 790 812 819 829 856 857 858 859 889 890 860 861 862 863 892 913 927 952 954 930 915 916 897 896 895 931 917 932 960 
966 991 990 992 995 993 994 1029 1040 1039 1023 1080 1067 1078 1079 1077 1076 1075 1064 1065 1066 1018 1017 1019 985 986 987 989 988 959 958 957 956 955 928 914 953 965 982 983 984 1016 1015 1028 1057 1058 1063 1074 1073 1059 1056 1038 1037 1055 1026 1051 1052 1072 1054 1053 1027 1036 1011 1013 1012 1014 981 980 979 978 977 1008 1007 1006 1025 1034 1050 1009 1010 1035 1049 1048 1071 1060 1045 1033 1044 1042 1020 1001 972 1004 1024 1022 971 973 1005 974 975 976 946 910 905 924 911 925 884 854 853 883 850 878 923 909 944 945 940 937 929 899 881 882 851 852 947 886 855 885 887 888 926 912 948 949 950 951 891 833 835 822 768 823 845 846 872 874 873 876 849 877 919 907 920 968 1002 1003 941 
921 942 943 939 938 880 879 908 922 904 936 970 969 1032 1047 1046 1061 1083 1070 1082 1069 1068 1081 1062 1030 1041 999 1043 1021 1031 1000 967 998 997 996 961 962 963 964 935 903 902 875 839 826 809 827 815 803 780 779 775 773 741 769 770 771 772 774 776 777 778 814 824 848 847 870 871 906 918 934 933 901 900 869 898 867 868 843 844 842 841 840 866 893 864 894 865 836 834 820 832 831 830 813 796 797 761 760 762 
798 800 808 799 738 669 668 667 670 671 666 665 664 706 726 725 763 764 765 766 767 740 708 742 743 699 709 698 676 678 677 681 680 679 675 674 673 672 608 582 584 585 583 581 607 580 636 644 625 619 626 637 620 627 614 629 645 647 646 615 630 631 616 684 683 682 711 710 723 712 701 686 695 688 697 696 722 713 702 721 781 805 744 785 784 783 782 804 786 816 747 746 745 715 716 703 700 690 689 687 648 649 650 692 717 724 718 691 651 639 622 565 562 601 600 531 532 533 611 612 634 638 632 621 617 609 610 597 598 524 509 523 508 485 475 506 521 495 507 
555 558 557 522 559 560 561 599 602 563 564 566 603 534 528 511 477 497 510 463 454 453 451 447 445 435 443 444 446 441 420 409 390 389 388 358 359 360 421 437 452 462 486 496 476 442 484 494 474 440 416 432 417 434 418 433 397 380 396 414 436 430 429 413 394 379 343 378 356 350 323 287 289 
Time elapsed: 954.228 seconds
File: icw1483
Average Cost: 7475.47
Minimum Cost: 6878
Best Solution: 1397 1398 1365 1399 1339 1299 1300 1254 1255 1256 1167 1166 1031 1030 1060 1098 989 950 949 849 1108 1107 1100 1061 1165 1164 1056 1246 1240 1236 1242 1243 1244 1245 1124 1137 1138 1260 1259 1302 1303 1301 1257 1258 1320 1366 1341 1400 1401 1367 1402 1342 1368 1428 1427 1426 1480 1481 1464 1479 1478 1467 1470 1420 1349 1377 1326 1352 1382 1388 1289 1333 1357 1447 1461 1463 1462 1448 1446 1445 1444 1293 1284 1201 1308 1343 1369 1340 1429 1405 1344 1322 1275 1208 1215 1223 1230 1116 1128 1129 1043 1073 1018 1078 1046 1082 1049 900 1022 1028 1027 1026 1057 1095 1096 1058 1029 986 985 984 983 982 1055 1093 1094 1089 970 964 940 943 867 866 791 778 831 746 777 747 727 726 748 
779 749 780 728 703 702 549 548 547 546 541 538 534 527 553 506 501 505 471 428 429 449 432 398 427 391 320 343 368 356 283 284 270 243 238 172 106 79 68 63 181 276 278 275 255 185 188 187 186 144 57 140 142 51 48 3 13 30 91 170 214 215 195 216 217 178 116 115 40 119 41 118 120 121 42 249 273 218 180 179 123 124 46 47 132 50 52 53 131 129 130 49 128 127 125 126 45 122 43 44 117 176 114 113 112 111 37 36 38 39 177 
247 272 248 294 382 420 381 383 384 421 379 380 378 377 293 292 194 245 246 295 296 310 297 274 298 299 392 300 301 302 393 394 390 424 497 498 469 423 389 388 387 386 385 422 496 468 448 447 467 495 431 446 466 494 516 517 631 633 632 634 635 869 781 782 751 783 835 784 752 706 705 704 750 832 834 833 872 871 870 868 941 938 939 937 935 934 936 975 923 911 899 898 1099 813 805 795 889 878 993 874 873 850 639 566 
665 655 730 754 757 822 760 673 682 737 767 720 602 616 695 623 624 699 625 626 700 717 701 627 628 630 629 551 550 518 552 637 636 638 640 565 554 519 499 470 425 426 500 520 707 708 642 641 643 711 710 709 785 837 786 729 753 787 712 644 713 645 646 647 555 306 250 305 395 303 304 219 196 182 135 183 220 197 184 138 136 54 133 134 55 137 139 56 58 145 251 396 397 311 313 399 312 146 59 60 61 62 2 1 147 148 5 6 67 7 66 4 64 65 149 150 151 9 8 69 10 70 12 11 72 71 152 223 279 280 281 326 325 430 477 511 561 529 560 510 509 475 450 474 507 559 508 476 401 400 319 257 221 256 316 318 317 473 314 315 277 252 198 199 222 258 402 403 322 321 323 324 307 327 329 328 404 434 406 436 453 479 452 478 433 451 435 405 330 331 333 334 335 337 408 342 483 346 347 348 349 410 409 345 344 341 340 407 530 531 532 675 735 816 815 814 734 761 789 762 817 818 823 821 819 963 1045 1020 1005 962 864 863 862 861 812 672 671 670 669 528 558 557 525 526 524 472 523 568 653 569 570 571 572 573 657 658 660 659 662 663 661 574 575 576 577 578 579 664 666 668 667 733 806 807 808 852 895 894 958 959 897 896 1001 1071 1144 1114 1106 1041 1040 1015 1014 1039 1113 1012 1069 1070 1038 1013 1000 893 892 891 890 957 888 886 887 884 885 956 883 882 881 880 955 1011 879 876 875 877 999 1068 1037 1110 1111 1112 1186 1182 1183 1184 1187 1188 1189 1279 1193 1143 1194 1195 1282 1281 1413 1414 1415 1432 1376 
1325 1348 1375 1280 1192 1190 1191 1278 1276 1185 1274 1181 1273 1180 1179 1139 1178 1177 1010 998 1036 1067 1141 1142 1140 1371 1431 1430 
1403 1310 1311 1272 1271 1176 1105 997 1009 1065 1104 1066 1035 1175 1174 1265 1307 1268 1267 1266 1306 1264 1305 1304 1262 1261 1263 1169 
1109 1102 1127 1126 1125 1101 1168 1170 1171 1172 1173 1269 1309 1270 1370 1465 1482 1483 1466 1406 1321 1312 1345 1372 1407 1408 1410 1411 1374 1412 1324 1347 1313 1323 1277 1373 1346 1409 1468 1469 1471 1435 1378 1434 1433 1472 1473 1474 1449 1418 1419 1329 1353 1383 1384 1385 1354 1315 1288 1218 1286 1330 1355 1387 1356 1332 1317 1334 1316 1291 1292 1224 1162 1052 1086 1024 1085 1051 1023 1084 1083 1050 1048 1081 1021 1117 1161 1160 1158 1222 1159 909 910 915 972 971 912 842 826 844 843 827 769 770 739 690 596 595 689 593 590 591 592 688 482 456 439 536 535 455 481 438 339 338 336 261 228 262 230 206 231 192 229 205 191 19 85 20 87 88 86 84 83 82 158 204 227 260 203 190 202 201 226 225 259 332 282 224 189 200 14 15 73 74 153 155 156 157 81 80 78 77 154 76 17 75 16 18 159 160 161 207 193 208 232 308 263 285 350 351 355 352 354 353 358 357 412 440 484 458 485 512 513 539 540 594 597 562 537 457 411 413 364 362 309 267 240 241 213 242 253 168 32 171 269 2682 
88 289 374 375 376 418 419 290 291 244 271 254 173 174 141 110 175 143 109 35 108 34 107 33 105 169 104 31 29 103 101 102 100 28 27 98 99 26 25 96 95 94 163 23 22 90 93 234 162 21 89 92 233 209 235 236 210 24 164 165 97 166 239 167 212 237 211 265 264 266 286 287 359 360 361 363 366 442 459 460 461 488 486 487 441 414 415 365 367 369 370 373 371 372 416 489 462 443 502 490 463 444 417 464 491 514 563 564 543 521 545 544 492 503 445 493 465 504 515 621 622 776 790 698 697 620 619 696 614 542 615 618 617 725 745 775 774 724 744 723 694 693 612 613 611 
610 609 608 607 606 605 604 603 601 600 599 598 691 692 740 741 771 772 722 742 828 845 846 743 716 773 829 847 848 830 932 1090 1134 1135 
1238 1297 1396 1241 1120 981 980 933 979 1091 1092 1121 1122 1239 1298 1296 1237 1136 1119 1088 1087 1025 1053 974 917 916 914 913 918 973 
919 920 921 922 924 925 926 927 931 930 929 928 978 977 976 1054 1118 1133 1132 1235 1234 1233 1232 1229 1228 1227 1225 1226 1337 1360 1391 1336 1318 1390 1422 1457 1455 1456 1459 1458 1440 1439 1475 1476 1477 1460 1443 1425 1424 1364 1394 1363 1395 1423 1442 1441 1393 1362 1392 1361 1231 1294 1295 1338 1319 1359 1335 1389 1358 1404 1451 1452 1454 1453 1450 1421 1386 1331 1290 1221 1220 1287 1219 1131 1080 1079 1130 1115 1047 967 901 902 968 906 904 905 903 969 907 908 865 841 736 766 768 738 721 719 765 687 686 764 840 825 763 824 683 685 589 588 587 585 584 533 437 454 480 674 580 581 582 679 678 677 676 583 586 684 681 680 820 965 966 1077 1157 1076 1075 1044 1004 1019 1074 1151 1150 1148 1147 1149 1200 1283 1380 1379 1416 1437 1438 1436 1417 1351 1350 1381 1327 1328 1210 1209 1207 1206 1205 1314 1285 1211 1212 1214 1217 1216 1213 1156 1155 1154 1153 1152 1204 1203 1202 1199 1197 1198 1196 1145 1146 1072 1016 1002 960 961 1003 1042 1017 860 859 811 858 857 856 854 853 809 855 810 718 759 788 758 804 803 802 800 801 799 756 732 798 793 792 755 731 797 796 794 656 654 652 651 567 650 648 556 522 649 715 714 839 838 954 996 1034 1008 995 1103 1064 1033 1007 994 836 851 953 991 990 951 992 1006 1063 1032 1062 952 988 948 947 946 945 944 942 987 1059 1097 1123 1250 1247 1248 1249 1163 1253 1252 1251
Time elapsed: 2559.73 seconds
File: djc1785
Average Cost: 10258.8
Minimum Cost: 9590
Best Solution: 1062 1061 962 994 950 905 926 960 959 892 893 884 848 847 805 790 846 883 925 845 742 728 717 767 716 712 715 740 766 765 760 802 801 800 799 764 804 803 924 904 889 882 890 891 843 842 840 922 903 923 956 841 798 797 795 796 839 902 921 888 955 899 987 949 919 917 875 874 834 900 920 988 986 947 985 984 948 918 876 835 877 878 879 787 785 714 708 709 786 736 725 724 640 594 603 639 638 710 737 726 
711 759 788 789 739 738 763 645 646 679 647 648 680 681 650 682 651 652 761 741 727 683 654 685 684 655 656 657 624 623 642 607 584 615 587 597 585 596 561 498 499 497 478 562 560 546 513 534 533 512 405 404 366 365 364 403 454 402 486 496 510 511 399 397 394 453 391 392 395 396 477 459 400 401 361 307 331 283 306 338 362 363 271 287 310 258 234 233 193 256 268 257 269 308 284 285 309 368 367 369 370 371 372 411 464 413 415 374 373 312 238 239 273 313 289 261 288 272 260 236 259 270 286 235 166 167 165 179 164 163 178 192 190 191 232 282 188 228 187 
189 230 267 304 303 337 281 335 186 185 231 280 330 350 351 360 329 176 182 181 219 218 220 227 221 223 222 224 177 183 184 225 358 390 359 389 356 442 443 444 441 355 354 388 440 438 457 439 353 387 352 437 569 568 565 590 591 601 611 629 616 630 570 573 572 583 571 633 632 702 631 701 754 781 794 780 752 677 751 676 699 669 653 688 674 700 750 778 779 792 831 864 886 865 866 867 868 941 978 977 976 975 974 940 862 863 916 973 1009 1008 972 1006 1007 1031 1023 1034 1035 1036 1038 1037 1069 1004 1005 965 951 857 851 908 897 938 968 929 914 861 830 818 769 791 743 758 649 707 753 838 844 946 942 871 901 1116 1101 1103 1084 1054 1092 1126 1104 1176 1153 1208 1217 1231 1254 1304 1343 1314 
1288 1319 1387 1364 1353 1390 1500 1502 1508 1514 1413 1444 1462 1484 1430 1443 1412 1409 1383 1367 1375 1335 1301 1336 1337 1303 1302 1251 1252 1253 1167 1114 1136 1100 1070 1113 1099 1166 1165 1135 1111 1091 1097 1112 1098 1040 1039 1071 1041 1072 1042 1043 1074 1073 1137 1138 1115 1075 1044 1076 1140 1117 1172 1173 1174 1177 1149 1195 1194 1178 1196 1197 1258 1226 1286 1259 1227 1179 1180 1152 1089 1051 1010 989 1086 1087 1050 1088 1181 1151 1145 1121 1150 1144 1085 1083 991 983 945 944 982 1049 1082 1143 1120 1102 1119 1142 1175 1118 1141 1081 1171 1148 1170 1169 1168 1139 1077 1078 1079 1080 1046 1045 1047 1048 981 980 979 887 869 943 870 872 873 833 832 757 735 756 784 783 782 755 703 705 704 706 678 636 637 618 634 613 612 524 539 525 574 617 576 577 602 592 593 578 542 529 530 579 553 580 604 605 554 595 620 621 606 619 614 556 555 557 558 545 544 532 509 531 507 476 452 450 451 448 449 447 528 527 541 485 540 526 458 446 445 357 302 217 175 180 214 216 215 213 226 212 211 210 208 209 300 252 299 382 383 456 434 436 435 484 523 538 522 537 521 431 432 520 519 552 559 600 598 586 625 622 
635 582 575 543 508 535 514 536 518 495 473 409 414 455 398 393 336 305 333 334 328 255 229 195 194 162 150 151 103 2 14 58 60 61 62 98 63 
99 15 64 65 113 105 41 90 28 35 51 95 97 111 125 144 136 118 108 123 141 158 112 145 126 127 160 205 206 250 264 379 380 381 325 265 278 253 254 207 266 279 326 327 301 348 349 386 384 385 433 430 429 346 345 428 427 426 322 321 296 343 323 277 298 297 249 247 248 347 332 324 251 159 146 128 114 115 129 147 148 161 149 130 102 70 17 68 100 67 66 16 69 101 71 18 19 20 21 73 72 22 74 75 76 82 79 77 23 80 78 1 3 106 
131 30 29 5 27 26 81 4 24 25 31 32 33 6 132 116 34 7 8 37 38 39 84 134 168 237 311 375 377 376 416 417 465 481 421 420 422 339 315 275 291 
240 262 274 290 314 292 316 242 263 276 318 203 204 245 244 201 200 199 241 198 170 152 119 109 86 135 85 133 83 107 117 36 9 40 10 87 11 44 45 46 88 42 43 89 50 49 52 12 53 54 55 56 57 13 59 94 96 93 92 122 104 110 121 91 48 47 120 137 138 171 153 174 173 202 243 293 294 317 341 342 319 295 320 344 246 157 156 154 155 124 143 142 140 139 172 169 196 197 378 419 418 489 480 488 474 462 479 487 406 407 408 460 461 
410 412 463 475 490 491 492 503 549 588 581 564 567 566 548 550 551 506 505 494 472 471 470 425 340 424 469 468 423 467 483 493 504 502 501 466 482 517 500 516 515 563 547 608 599 626 609 589 627 628 610 641 749 777 829 880 885 881 939 915 953 952 971 954 990 898 837 860 836 776 775 762 734 722 732 773 772 771 746 747 692 748 720 713 721 731 770 821 933 896 911 967 895 815 813 816 817 819 811 812 814 850 810 809 807 806 808 849 894 906 793 768 744 718 729 745 686 658 659 687 689 661 660 662 663 664 690 644 665 730 719 691 693 667 668 671 695 670 666 
694 672 643 675 673 696 698 697 733 723 774 856 913 936 970 1033 1032 1068 1003 912 934 935 969 937 858 859 828 855 854 820 822 824 823 825 826 827 853 852 1001 999 909 966 932 910 931 930 1026 1065 1096 1133 1110 1134 1067 1028 1030 1029 1027 1025 1024 1002 1000 997 998 996 964 963 928 907 927 995 993 961 992 1060 1147 1127 1160 1107 1094 1090 1015 1058 1016 1017 1059 1057 1106 1093 1124 1146 1125 1186 1158 1185 
1184 1157 1156 1155 1123 1105 1182 1154 1052 1013 1056 1014 958 1011 957 1012 1053 1055 1122 1232 1230 1229 1260 1228 1287 1316 1342 1317 1311 1318 1432 1452 1434 1389 1391 1352 1354 1392 1473 1474 1363 1292 1263 1322 1321 1290 1273 1312 1289 1199 1200 1202 1204 1205 1264 1276 
1277 1267 1293 1326 1327 1328 1330 1331 1296 1297 1280 1243 1212 1211 1210 1209 1295 1279 1241 1239 1242 1240 1238 1207 1237 1278 1294 1325 1313 1324 1348 1365 1349 1366 1368 1395 1369 1370 1397 1398 1525 1568 1569 1567 1501 1475 1454 1476 1503 1505 1504 1572 1571 1570 1622 1656 1673 1621 1620 1619 1697 1672 1731 1698 1765 1729 1730 1764 1728 1618 1617 1616 1749 1755 1671 1670 1696 1719 1655 1615 1566 1531 1524 1426 1453 1393 1362 1361 1347 1346 1358 1359 1360 1357 1355 1356 1472 1471 1451 1433 1498 1530 1529 1528 1527 1558 1560 1613 1561 1669 1693 1723 1692 1754 1724 1748 1725 1695 1726 1756 1757 1760 1759 1758 1727 1761 1762 1763 1779 1778 1777 1785 1784 1783 1782 1776 1774 1753 1609 
1593 1555 1487 1419 1394 1396 1499 1526 1519 1470 1450 1402 1442 1429 1461 1483 1495 1538 1579 1694 1770 1704 1677 1632 1658 1705 1633 1580 1581 1536 1537 1539 1541 1634 1635 1586 1516 1515 1465 1486 1517 1518 1520 1552 1551 1521 1490 1522 1467 1421 1422 1553 1595 1596 1550 1549 1548 1547 1546 1589 1590 1592 1594 1591 1640 1639 1680 1708 1660 1681 1709 1743 1710 1682 1641 1643 1642 1661 1653 1772 1721 1644 1645 1597 1599 1598 1646 1601 1554 1523 1497 1491 1425 1315 1341 1350 1340 1339 1310 1309 1308 1307 1272 1255 1256 1257 1225 1224 1223 1305 1285 1306 1338 1423 1424 1386 1385 1345 1384 1418 1420 1448 1496 1489 1466 1417 1415 1416 1414 1488 1447 1446 1464 1485 1463 1445 1431 1540 1542 
1544 1543 1545 1582 1583 1584 1585 1659 1636 1638 1588 1587 1637 1679 1706 1678 1707 1740 1741 1742 1744 1745 1771 1711 1683 1712 1684 1713 1663 1664 1714 1686 1685 1662 1647 1600 1687 1668 1654 1691 1718 1690 1610 1652 1667 1689 1666 1717 1716 1747 1746 1722 1715 1665 1688 1651 1650 1603 1602 1648 1604 1649 1605 1606 1607 1608 1557 1611 1559 1612 1614 1562 1563 1565 1564 1468 1492 1469 1449 1388 1351 1320 1261 1198 1201 1233 1274 1291 1262 1234 1203 1188 1187 1159 1189 1190 1235 1266 1323 1275 1265 1236 1206 1161 1128 1129 1162 1191 1193 1192 1216 1245 1219 1218 1215 1214 1244 1213 1268 1281 1329 1399 1427 1436 1435 1477 1455 1506 1493 1478 1401 1400 1371 1372 1373 1437 1456 1535 1534 
1532 1507 1533 1699 1751 1750 1780 1781 1775 1773 1739 1737 1752 1577 1627 1735 1736 1733 1734 1720 1657 1700 1674 1732 1766 1767 1768 1769 1701 1675 1625 1626 1624 1623 1573 1574 1575 1576 1578 1629 1628 1676 1738 1703 1702 1630 1631 1556 1512 1513 1511 1509 1480 1510 1458 1479 1457 1438 1403 1494 1374 1246 1298 1379 1376 1404 1377 1405 1378 1381 1380 1382 1406 1407 1408 1460 1459 1428 1439 1440 1441 1481 1482 1410 1411 1344 1284 1270 1283 1249 1248 1300 1282 1299 1332 1269 1333 1334 1271 1250 1183 1221 1247 1163 1164 1222 1220 1066 1132 1095 1109 1131 1108 1063 1064 1018 1022 1021 1019 1020 1130
Time elapsed: 2397.33 seconds
File: dcb2086
Average Cost: 11954
Minimum Cost: 11040
Best Solution: 1153 1125 1152 1107 1100 1101 1108 1122 1004 965 1031 1035 1034 1074 1039 1067 1041 1040 973 950 915 874 883 882 880 989 987 988 1051 1049 1050 1053 1054 1055 1052 1123 1163 1207 1181 1161 1160 1068 1046 1047 1045 1048 985 881 951 991 959 952 886 884 918 885 831 
813 812 783 762 782 732 730 731 761 778 760 750 777 759 780 779 809 810 827 828 830 829 811 916 875 877 876 905 879 878 784 763 733 688 687 684 685 729 727 728 682 648 629 649 607 547 572 528 527 628 647 627 646 680 679 681 678 758 775 757 806 776 808 807 851 675 644 429 428 393 394 377 376 391 392 375 215 88 11 87 85 86 84 83 80 82 81 10 244 286 373 374 337 372 214 165 79 9 78 77 8 7 74 75 76 73 71 5 6 72 69 70 4 68 163 66 65 64 3 2 63 160 161 67 164 282 283 241 213 205 204 60 159 61 62 58 57 157 56 158 237 276 322 331 323 206 211 239 240 212 280 362 279 277 207 281 242 243 335 336 366 333 413 414 540 592 591 562 508 509 484 360 359 320 203 54 155 156 321 202 154 152 201 53 153 51 148 
144 145 49 50 147 233 318 319 274 236 275 330 387 403 404 480 519 538 518 588 589 560 539 590 561 482 481 479 478 477 517 505 476 474 473 472 470 475 353 354 355 198 143 48 141 47 142 194 195 140 139 192 137 138 46 45 136 193 232 314 311 231 230 267 229 209 191 264 309 266 310 
265 131 129 36 35 124 34 32 28 166 168 16 200 238 358 334 278 287 284 162 59 1 55 52 12 120 123 181 122 33 37 130 38 132 41 42 134 135 44 43 40 39 133 190 308 384 385 383 382 349 307 263 127 126 188 189 128 125 262 228 306 466 465 464 463 462 461 381 379 445 408 420 365 329 363 407 390 520 564 594 716 743 791 823 819 847 850 925 929 935 928 962 1073 1070 1069 1093 1119 1166 1104 1060 943 956 961 963 960 971 941 917 907 909 932 923 835 838 836 955 924 834 736 781 786 674 616 615 584 541 504 506 490 605 606 631 635 610 611 552 578 576 550 571 491 492 456 449 498 460 500 499 579 532 513 581 580 554 553 531 551 577 501 502 467 468 514 583 597 556 534 533 555 614 712 637 656 657 709 708 705 
710 711 713 742 797 843 842 844 839 840 841 837 817 790 704 701 765 741 702 700 699 698 706 707 703 612 613 582 515 471 503 469 351 350 352 312 268 269 313 270 315 316 271 197 196 272 317 210 146 149 150 151 199 235 234 273 386 357 356 389 388 483 406 405 361 332 409 485 412 410 411 511 522 487 521 565 619 620 618 664 663 599 617 559 537 507 587 585 598 586 558 536 557 535 516 662 661 660 640 639 638 658 659 715 714 744 745 766 793 792 752 794 754 767 822 894 906 892 889 891 890 893 818 845 846 820 821 753 746 747 748 901 898 900 899 902 903 852 853 
854 855 856 824 798 799 756 770 719 718 667 603 666 621 604 424 427 425 426 489 512 524 546 569 525 369 371 370 285 368 367 421 422 423 488 419 417 418 416 415 563 593 545 523 544 567 602 601 600 543 510 486 542 566 568 768 769 755 795 800 863 862 861 857 858 860 859 904 934 979 1001 999 1013 998 997 996 897 896 895 957 933 1010 1011 1087 1088 1103 1102 1097 1098 1120 1121 1139 1167 1168 1169 1142 1092 1064 1065 978 1000 1090 1012 1091 1014 1015 1017 1016 1018 1019 1020 1024 1025 1066 1022 1021 1023 1147 1313 1184 1229 1183 1182 1172 1146 1145 1144 1143 1171 1170 1140 1141 1062 1061 1063 1089 1340 1391 1339 1390 1389 1420 1498 1471 1431 1342 1341 1328 1329 1343 1396 1422 1510 1596 1649 
1648 1620 1556 1650 1606 1554 1555 1509 1472 1499 1508 1552 1594 1593 1592 1590 1616 1549 1550 1449 1446 1387 1384 1383 1382 1394 1380 1326 1288 1247 1225 1245 1246 1226 1248 1249 1250 1291 1290 1289 1310 1311 1312 1386 1385 1388 1417 1418 1419 1337 1327 1228 1227 1138 1137 1136 1117 1116 1115 1114 1082 1083 1084 1085 1081 1080 1079 1059 1007 1008 992 993 994 1009 995 1086 1096 1118 1135 1134 1130 1113 1133 1132 1131 1112 1165 1221 1255 1262 1269 1287 1222 1223 1244 1295 1307 1306 1304 1305 1303 1261 1285 1286 1243 1254 1284 1324 1268 1242 1220 1218 
1219 1217 1215 1216 1212 1213 1214 1211 1209 1208 1241 1260 1281 1259 1197 1201 1234 1232 1224 1231 1270 1292 1271 1319 1325 1338 1347 1345 1395 1434 1425 1430 1436 1421 1379 1344 1346 1348 1407 1406 1410 1355 1438 1429 1440 1462 1528 1570 1557 1626 1656 1651 1621 1605 1618 1647 1645 1678 1725 1691 1704 1707 1764 1752 1758 1745 1716 1717 1748 1720 1719 1718 1749 1722 1721 1768 1786 1871 1921 1873 1872 1974 1997 1996 1955 1922 1874 1923 1876 1875 1939 1930 1956 1973 1954 1972 1937 1870 1920 1869 1918 1868 1851 1818 1828 1917 1908 1903 1927 1941 2001 1983 1931 1978 1984 1959 1841 1860 1772 1770 1788 1754 1688 1741 1736 1759 1744 1711 1662 1633 1604 1564 1506 1542 1491 1553 1507 1473 1474 
1460 1488 1529 1530 1531 1582 1581 1614 1532 1583 1534 1533 1535 1584 1585 1537 1586 1541 1540 1587 1588 1589 1544 1543 1669 1637 1636 1539 1538 1536 1464 1489 1490 1465 1415 1424 1445 1376 1377 1414 1374 1413 1444 1463 1448 1372 1373 1283 1267 1322 1323 1375 1378 1308 1309 1381 1416 1466 1492 1504 1493 1494 1505 1548 1547 1546 1551 1545 1495 1496 1468 1467 1469 1497 1470 1591 1617 1638 1732 1731 1729 1730 1681 1686 1728 1735 1726 1727 1680 1724 1679 1685 1723 1787 1886 1887 1888 1977 1926 2036 2052 1883 1925 1940 1958 1924 1880 1879 1878 1877 1938 1957 1975 2033 2032 1998 1999 2034 2035 1881 1882 1884 1901 1885 1797 1798 1799 1789 1790 1800 1892 1896 1895 1894 1889 1976 2037 2053 2077 
2072 2068 2067 2059 2084 2057 2056 2066 2069 2070 2071 2073 2074 2076 2075 2078 2080 2079 2081 2082 2083 2041 2055 2040 2039 2054 2038 2000 1902 1891 1890 1893 1897 1979 1980 1803 1801 1898 1802 1804 1805 1807 1812 1811 1810 1809 1808 1806 1904 1928 2002 1985 2004 2043 2005 2042 2086 2085 2058 2006 2007 2008 2009 2010 2012 2011 1986 1987 2047 2045 2044 2046 1981 1942 1905 1817 1816 1814 1813 1815 1777 1778 1774 1773 1763 1757 1739 1738 1769 1756 1771 1762 1761 1755 1760 1751 1750 1671 1670 1672 1639 1640 1641 1642 1673 1619 1646 1682 1687 1737 1689 1690 1742 1740 1791 1733 1697 1779 1822 1823 1907 1821 1906 1933 1988 1945 1989 2013 2014 1992 1990 1991 1966 1967 1783 1793 1765 1782 1781 
1792 1780 1820 1819 1932 1960 1943 1961 1962 1944 1963 1946 1964 1909 1910 1824 1948 1965 1826 1825 1827 1831 1832 1835 1834 1833 1836 1914 1838 1839 1837 1970 1951 1952 1840 1843 1842 1916 1915 1950 1968 1934 1949 1947 1830 1911 1829 1912 1913 2016 2015 2017 2018 1993 1935 1969 2019 2048 2020 1849 1848 1847 1784 1796 1785 1900 1855 1856 1857 1858 1859 2027 2028 2026 2025 2051 2064 2063 2061 2060 2062 2065 2029 1982 1995 2003 2031 2030 1994 1971 1929 1936 1919 1866 1867 1864 1865 1953 1863 1862 1861 1852 1853 1854 2024 2021 2049 2022 2023 2050 1850 1795 1846 1845 1899 1844 1794 1734 1710 1709 1708 1706 1705 1661 1663 1660 1567 1568 1571 1569 1572 1664 1611 1573 1501 1480 1479 1481 1482 
1483 1502 1363 1362 1301 1280 1266 1302 1360 1361 1366 1364 1393 1365 1503 1486 1408 1370 1368 1367 1369 1371 1409 1253 1129 1164 1128 1111 1078 1058 954 977 976 975 1076 1077 1057 1075 1056 990 974 953 919 888 887 921 920 922 787 751 785 764 691 690 686 683 630 650 632 595 573 549 574 530 575 496 401 348 402 380 364 497 665 739 740 788 814 816 815 789 738 696 737 832 833 692 734 735 689 693 694 695 697 636 655 654 633 634 651 450 448 447 446 493 443 442 341 295 296 223 176 177 178 110 255 327 326 179 224 299 298 342 297 251 252 222 293 294 250 325 340 434 437 438 439 441 440 444 397 398 344 343 345 300 256 183 226 259 303 328 257 301 225 302 258 346 400 399 452 453 451 529 548 495 596 
609 608 653 652 494 458 457 459 455 454 347 304 227 184 185 186 261 260 378 305 119 121 31 30 29 116 187 118 117 115 114 27 26 24 113 111 182 180 112 25 23 22 109 108 175 254 253 21 107 106 105 174 173 104 103 20 100 19 18 102 172 221 220 219 169 99 97 15 96 98 17 101 171 170 249 292 291 324 248 245 288 216 167 95 94 93 90 89 13 91 14 92 208 217 246 218 290 247 289 338 430 431 432 433 395 396 339 435 436 526 625 645 626 676 677 726 717 624 671 673 623 643 672 670 774 826 749 724 723 725 669 642 622 570 641 720 668 721 722 802 801 771 772 796 803 805 
825 773 804 848 849 866 864 908 865 868 867 911 910 930 937 946 938 926 945 966 967 948 940 968 947 931 927 939 913 914 872 870 869 871 873 912 942 949 958 969 970 972 1042 984 1005 986 1006 1044 1043 1178 1154 1155 1156 1179 1157 1159 1158 1205 1206 1203 1204 1200 1199 1198 1236 1235 1194 1175 1189 1233 1230 1192 1191 1195 1193 1190 1272 1273 1256 1296 1315 1401 1433 1432 1453 1454 1437 1428 1399 1398 1426 1427 1400 1331 1316 1318 1332 1317 1274 1275 1297 1298 1276 1257 1251 1299 1333 1403 1402 1439 1475 1476 1478 1500 1477 1458 1457 1456 1447 1459 
1351 1350 1405 1404 1349 1352 1353 1356 1320 1321 1294 1300 1264 1278 1293 1277 1263 1237 1202 1238 1252 1258 1265 1279 1334 1335 1392 1354 1359 1358 1357 1239 1240 1180 1162 1126 1109 1127 1110 1210 1282 1336 1412 1411 1443 1435 1441 1442 1461 1527 1635 1644 1580 1595 1668 1667 1746 1747 1775 1776 1767 1753 1766 1666 1578 1579 1526 1487 1484 1485 1577 1632 1613 1576 1575 1631 1630 1603 1523 1524 1525 1634 1615 1677 1714 1715 1713 1712 1676 1665 1612 1574 1602 1601 1629 1628 1658 1659 1598 1566 1565 1521 1519 1520 1522 1627 1674 1655 1703 1683 1675 1657 1684 1702 1701 1700 1699 1698 1695 1694 1696 1693 1743 1692 1652 1654 1623 1653 1607 1622 1609 1599 1608 1624 1625 1643 1600 1563 1518 
1562 1455 1517 1610 1561 1560 1559 1558 1597 1512 1515 1516 1513 1514 1511 1450 1451 1452 1423 1397 1314 1330 1188 1187 1186 1185 1173 1148 1174 1149 1150 1151 1105 1029 1030 1028 1026 1027 1002 980 981 1003 982 936 964 944 983 1124 1099 1106 1071 1032 1033 1036 1037 1038 1072 
1094 1095 1177 1176 1196
Time elapsed: 3245.92 seconds
File: pds2566
Average Cost: 14086.5
Minimum Cost: 13249
Best Solution: 1356 1374 1355 1354 1561 1562 1601 1728 1731 1730 1742 1729 1741 1771 1825 1772 1774 1848 1776 1775 1780 1781 1782 1779 1778 1777 1841 1849 1906 1915 1963 2009 1967 1966 1964 2048 2118 2032 2049 2119 2136 2033 1979 1995 1994 1977 1976 1973 1975 1974 1917 1918 1890 1791 1790 1789 1788 1785 1784 1842 1916 1907 1888 1970 2153 2192 2195 2193 2194 2196 2197 2352 2353 2357 2284 2277 2249 2265 2349 2422 2438 2421 2348 2346 2344 2342 2341 2339 2340 2338 2337 2336 2334 2400 2332 2331 2304 2303 2324 2319 2321 2322 2399 2320 2318 2317 2316 2302 2298 2182 2184 2185 2183 2186 2234 2150 2162 2149 2161 2148 2147 2090 2065 2088 2063 2117 2116 2129 2156 2155 2157 2159 2160 2130 2158 2128 
2127 2146 2029 1997 2028 2114 2124 2178 2179 2123 2113 2085 2039 2084 2112 2171 2174 2173 2170 2144 2110 2037 2111 2082 2109 2081 2057 2036 2080 2108 2056 2035 2079 2120 2106 2107 2055 2054 2077 2076 2017 2015 1986 1985 2051 2139 2211 2212 2215 2220 2214 2273 2291 2293 2228 2227 2163 2121 2143 2140 2053 2019 2034 1991 2022 1876 1857 1908 1898 1921 1939 1940 2023 1992 2024 2058 2083 2122 2060 2038 2026 2059 2172 2169 2166 2167 2168 2165 2164 2141 2078 2021 1990 2018 1989 1987 1938 1928 1874 1895 1831 1809 1810 1752 1751 1754 1753 1755 1711 1698 1688 1710 1709 1687 1646 1672 1689 1712 1649 1663 1690 1673 1699 1662 1671 1644 1645 1620 1647 1648 1544 1545 1523 1522 1499 1521 1500 1486 1466 
1465 1520 1542 1572 1515 1571 1618 1619 1617 1615 1614 1570 1560 1552 1535 1621 1657 1702 1761 1762 1862 1832 1910 2002 1965 1969 2010 2008 2068 2093 2089 2050 2012 1978 2011 1980 1981 1982 2014 1984 1988 2016 2052 2075 2104 2209 2207 2208 2210 2213 2269 2253 2246 2279 2245 2203 2200 2191 2201 2135 2131 2099 2098 2071 2072 1957 1947 1941 1896 1909 1881 1818 1735 1666 1638 1641 1669 1685 1734 1750 1708 1686 1670 1661 1643 1616 1541 1530 1478 1495 1432 1390 1375 1368 1389 1376 1392 1391 1461 1430 1428 1425 1424 1426 1427 1431 1494 1513 1482 1460 1459 1429 1344 1337 1358 1303 1326 1302 1301 1327 1304 1305 1306 1329 1328 1360 1362 1347 1338 1345 1359 1367 1339 1346 1307 1331 1364 1340 1348 
1444 1443 1472 1473 1377 1385 1363 1250 1136 1135 1095 1194 1225 1224 1268 1267 1298 1297 1323 1322 1324 1299 1300 1325 1296 1295 1336 1357 1343 1316 1351 1453 1400 1397 1415 1467 1477 1481 1493 1514 1492 1491 1511 1512 1480 1540 1668 1697 1684 1706 1748 1747 1744 1746 1749 1707 1801 1800 1826 1854 1871 1892 1872 1855 1894 1827 1873 1893 1920 1926 1927 2013 1983 2103 2074 2101 2100 2073 2137 2102 2138 2045 2064 2105 1996 2025 2020 2142 2145 2181 2241 2126 2125 2180 2235 2247 2281 2301 2405 2403 2323 2356 2361 2360 2409 2466 2515 2524 2500 2475 2491 2546 2557 2459 2445 2458 2439 2401 2292 2271 2297 2259 2263 2282 2311 2417 2448 2424 2359 2343 2333 2392 2268 2251 2286 2261 2243 2236 2240 
2202 2204 2205 2206 2278 2252 2287 2426 2453 2411 2425 2452 2471 2543 2470 2535 2540 2541 2542 2544 2545 2547 2548 2549 2472 2473 2455 2414 2375 2372 2371 2370 2367 2368 2427 2454 2413 2366 2364 2362 2363 2365 2412 2369 2288 2289 2270 2290 2272 2255 2274 2257 2256 2225 2219 2217 2254 2216 2218 2221 2222 2223 2224 2226 2230 2229 2232 2231 2258 2275 2294 2295 2379 2378 2415 2457 2474 2456 2404 2377 2376 2374 2373 2428 2550 2551 2552 2553 2554 2476 2440 2441 2477 2556 2555 2558 2559 2561 2560 2478 2430 2442 2429 2388 2385 2386 2387 2384 2383 2381 2380 2382 2276 2296 2280 2260 2242 2233 2176 2175 2177 2040 2061 2086 2027 1923 1878 1922 1838 1900 1879 1861 1860 1837 1817 1763 1863 1880 1901 
1882 1911 1948 1952 1950 1949 1946 1993 2030 2000 2043 2042 2087 2115 2062 2041 1998 1943 1999 1942 1944 2001 1945 1924 1912 1931 1932 1913 1929 1930 1936 1935 2003 1956 1958 1961 1960 1959 1937 1962 2006 2005 2094 2133 2069 2070 2095 2047 2046 2031 2004 2096 2007 2264 2248 2152 2097 1968 1971 1972 2154 2134 2199 2198 2267 2285 2239 2238 2237 2244 2266 2250 2283 2347 2350 2351 2354 2355 2358 2402 2406 2451 2496 2498 2499 2497 2538 2537 2534 2533 2532 2467 2450 2449 2536 2539 2469 2468 2410 2423 2465 2437 2345 2420 2436 2531 2530 2529 2464 2489 2490 2528 2527 2526 2525 2488 2487 2495 2521 2519 2518 2520 2522 2523 2494 2486 2484 2485 2517 2483 2493 2482 2516 2514 2513 2463 2481 2512 2462 
2435 2419 2447 2418 2313 2312 2314 2315 2408 2416 2307 2306 2308 2309 2310 2262 2398 2432 2394 2396 2397 2395 2393 2390 2389 2391 2431 2443 2479 2480 2562 2564 2563 2444 2433 2407 2446 2434 2461 2506 2507 2504 2503 2502 2501 2566 2565 2460 2505 2509 2508 2510 2511 2492 2328 2327 2325 2326 2329 2330 2335 2305 2299 2300 2189 2190 2187 2188 2132 2151 2091 2092 2044 2067 2066 1951 1953 1955 1954 1934 1933 1824 1887 1905 1868 1840 1847 1846 1886 1867 1904 1914 1903 1866 1845 1885 1822 1823 1770 1769 1740 1724 1722 1739 1723 1586 1585 1632 1590 1587 15881 
591 1593 1594 1592 1595 1596 1557 1568 1559 1569 1555 1556 1597 1598 1633 1600 1599 1727 1726 1725 1768 1765 1766 1767 1821 1864 1865 1839 
1883 1902 1884 1844 1820 1819 1737 1720 1721 1719 1718 1736 1764 1717 1703 1716 1695 1678 1634 1577 1628 1629 1677 1665 1653 1652 1624 1623 1650 1622 1543 1498 1479 1485 1531 1436 1435 1434 1484 1516 1496 1483 1433 1462 1518 1519 1497 1463 1464 1437 1438 1439 1468 1440 1469 1501 1524 1502 1487 1470 1441 1442 1471 1525 1546 1625 1654 1627 1626 1573 1548 1575 1576 1574 1547 1532 1526 1534 1505 1528 1549 1489 1527 1504 1503 1488 1474 1475 1490 1506 1449 1447 1448 1446 1445 1349 1396 1395 1394 1313 1312 1311 1333 1310 1309 1230 1208 1173 1157 1198 1255 1256 1257 1258 1273 1274 1275 1199 1142 1143 1115 1114 1113 1174 1200 1231 1259 1233 1176 1210 1211 1260 1261 1239 1241 1240 1284 1285 1283 
1281 1238 1278 1277 1318 1317 1315 1279 1280 1282 1237 1236 1235 1234 1144 1056 1059 1058 1061 1062 1068 1064 1066 1067 1036 1021 1022 1023 995 959 835 760 836 882 883 884 885 838 839 887 842 843 799 1039 1086 1126 1127 1125 1084 1218 1247 1321 1320 1319 1294 1293 1372 1457 1529 1509 1508 1536 1537 1538 1539 1563 1609 1681 1606 1636 1635 1679 1605 1869 1889 1851 1850 1843 1852 1919 1925 1853 1870 1891 1792 1793 1787 1786 1743 1733 1704 1732 1682 1639 1610 1607 1637 1558 1602 1603 1604 1507 1419 1455 1454 1418 1417 1416 1414 1413 1406 1407 1409 1412 1411 1410 1452 1408 1403 1404 1405 1387 1380 1379 1371 1352 1366 1378 1386 1402 1399 1451 1401 1398 1554 1567 1553 1566 1551 1584 1582 1583 
1581 1580 1631 1579 1578 1565 1550 1476 1450 1630 1656 1655 1701 1694 1700 1676 1658 1651 1664 1691 1692 1693 1675 1674 1713 1756 1758 1757 1714 1715 1759 1760 1812 1815 1836 1859 1816 1835 1814 1834 1858 1899 1877 1833 1813 1811 1897 1875 1830 1856 1808 1807 1806 1805 1804 1803 1802 1829 1828 1799 1798 1797 1794 1773 1783 1795 1796 1745 1705 1738 1680 1696 1683 1667 1659 1660 1612 1642 1613 1611 1640 1608 1589 1517 1533 1393 1369 1370 1361 1335 1330 1287 1292 1264 1265 1249 1248 1220 1187 1188 1221 1222 1270 1269 1226 1206 1192 1170 1193 1154 1134 1169 1223 1205 1167 1191 1168 1153 1190 1152 1146 1131 1189 1166 1130 1128 1129 1165 1219 1204 1214 1202 1180 1161 1149 1123 1074 1148 1227 
1229 1178 1160 1121 1140 1195 1175 1137 1008 1014 1012 972 896 812 846 845 844 790 727 735 742 766 765 767 768 737 729 736 728 723 725 720 
679 675 674 672 673 671 719 668 667 747 781 869 798 797 800 784 739 714 707 715 912 931 911 886 829 823 878 930 956 982 957 998 1034 1060 1069 1038 1085 1087 1088 965 1037 904 916 937 966 1000 917 967 984 938 939 889 905 918 847 848 888 849 771 744 743 770 769 774 772 745 773 851 850 853 852 890 940 969 985 942 920 943 892 855 893 854 891 906 919 941 970 968 1003 1002 1001 1040 1041 1089 1090 1091 1092 1093 1132 1133 1094 1043 1042 1044 1045 1004 986 971 973 1005 987 989 1009 1051 1030 1031 988 975 945 922 946 976 977 923 947 907 897 859 858 860 862 
898 948 978 924 899 861 863 864 865 866 900 867 777 793 775 712 692 691 690 601 602 693 776 778 794 694 696 695 713 699 702 703 704 706 705 700 698 697 779 780 782 795 796 783 748 749 750 806 808 785 751 786 752 809 875 810 814 815 816 817 753 825 824 822 821 820 819 818 873 1020 1035 1019 1018 955 928 953 994 993 1017 954 876 813 811 877 910 929 927 807 805 874 925 950 951 926 872 803 804 802 908 949 980 991 952 
902 909 901 871 870 868 990 979 1010 1110 1111 1033 1032 1141 1112 1011 981 992 1016 1015 1159 1147 1177 1179 1116 1063 1065 1120 1119 1057 1118 1055 1054 1052 1053 1158 1117 1201 1209 1232 1276 1350 1341 1314 1334 1365 1332 1308 1272 1228 1156 1172 1197 1271 1254 1253 1252 1251 1196 1155 1171 1207 1103 1102 1105 1107 1106 1109 1108 1100 1096 1138 1101 1139 1104 1050 1098 1097 1099 1049 1048 1047 1046 1007 1006 974 944 921 895 894 856 857 746 741 740 721 726 730 738 724 682 680 681 683 596 631 616 615 687 685 684 686 630 614 594 678 677 676 628 629 595 578 556 565 579 567 580 558 568 598 599 600 689 688 588 597 587 557 566 552 538 509 507 506 536 535 496 421 420 366 345 351 367 418 363 
323 260 324 381 393 337 409 415 382 364 383 344 350 365 327 368 387 352 388 471 389 369 346 353 329 290 291 292 221 189 220 219 188 166 218 217 216 328 473 423 330 293 294 296 295 331 135 150 117 79 78 116 23 76 77 74 72 73 21 22 75 147 149 168 169 167 148 134 115 70 71 20 114 
69 68 67 66 63 58 113 18 39 49 1 123 128 183 184 199 231 197 182 170 112 142 111 132 146 163 145 133 165 186 212 185 159 269 325 251 278 284 288 289 287 384 386 403 422 472 585 576 586 577 555 564 593 592 722 701 590 589 548 547 543 530 494 531 485 417 416 413 411 414 550 604 581 561 571 553 572 562 591 655 670 669 532 574 534 563 537 508 510 474 424 404 370 354 390 371 355 391 347 348 356 406 373 357 332 298 335 
299 336 302 300 238 194 227 226 195 225 224 193 239 192 181 153 130 138 90 89 91 28 92 93 94 95 98 99 29 97 96 124 122 154 175 137 174 152 
173 151 120 119 118 25 81 80 24 82 222 223 190 180 129 84 85 83 26 121 86 88 27 87 136 171 172 191 297 333 334 375 349 358 396 376 426 397 
425 479 542 569 559 478 477 480 541 540 515 539 511 454 475 476 513 514 512 405 392 372 394 374 395 407 301 306 341 307 339 340 305 338 304 303 398 377 359 399 456 455 517 544 516 560 582 603 617 518 481 360 378 401 459 458 457 460 430 483 484 462 461 526 525 524 522 523 380 431 432 433 463 250 248 249 246 247 319 244 245 242 243 241 240 316 317 318 343 314 196 228 229 230 131 139 155 176 177 156 100 101 125 157 178 313 312 315 362 410 402 361 379 310 308 309 311 342 400 429 482 427 428 408 583 584 546 545 519 520 529 521 632 618 619 620 621 633 570 
634 635 636 637 708 638 643 641 639 640 642 622 605 488 489 465 439 438 441 442 443 467 321 444 445 468 495 466 440 527 490 436 437 487 486 435 464 434 253 252 254 255 257 256 320 258 261 259 236 206 208 160 50 52 53 54 55 56 51 14 13 12 48 46 47 11 45 44 10 43 42 110 9 41 8 40 37 38 7 35 6 36 109 33 5 34 4 3 31 32 2 108 127 107 30 103 104 102 126 106 105 140 141 158 179 232 200 201 233 202 234 203 204 205 235 207 209 210 263 262 264 265 211 266 267 270 268 271 272 273 280 64 65 19 17 62 16 59 57 60 15 61 143 214 213 161 162 144 164 187 237 215 198 326 385 419 286 285 283 282 281 279 276 274 275 322 277 446 447 448 469 449 470 450 500 502 610 627 626 663 662 661 660 761 762 763 764 837 
841 840 792 733 734 717 666 609 664 665 608 554 528 498 497 573 499 501 503 451 452 453 412 549 551 613 533 505 504 575 611 612 716 711 718 801 1013 1029 1027 1028 1083 963 983 935 915 881 880 960 914 934 933 932 913 833 834 879 832 831 828 830 827 826 787 754 731 644 645 623 646 709 647 624 492 491 493 606 607 625 652 653 710 656 657 659 658 654 651 649 650 648 755 788 756 758 759 791 789 757 732 903 997 1080 1081 1082 1246 1245 1163 1213 1244 1243 1262 1286 1342 1382 1381 1353 1242 1203 1263 1212 1182 1181 1150 1162 1145 958 1024 1025 1073 1070 1071 1072 1075 1122 1151 1079 1078 1077 1076 996 961 962 1026 999 964 936 1124 1183 1266 1215 1185 1184 1164 1186 1216 1217 1289 1290 1291 1288 1383 1388 1384 1421 1420 1456 1422 1564 1510 1458 1423 1373
Time elapsed: 4592.98 seconds