PS D:\Studia\V sem\AlgoMeta\Lista3> g++ -o main_local genetic_ox_local.cpp -std=c++11
PS D:\Studia\V sem\AlgoMeta\Lista3> ./main_local.exe
Genetic Algorithm (OX)
Minimum Cost: 654
Best Solution: 87 88 72 73 60 61 59 58 57 52 56 51 47 48 49 50 65 69 62 66 63 71 76 67 70 79 80 83 84 85 86 90 91 95 96 97 103 104 122 129 
131 127 126 125 124 118 121 114 130 123 112 105 106 102 99 111 120 117 116 128 119 115 110 109 108 113 107 101 100 98 93 94 92 89 74 53 45 
19 25 17 16 15 14 18 13 5 12 6 1 7 8 2 3 9 4 10 11 24 44 43 42 41 40 23 39 37 38 22 36 35 34 21 33 32 31 20 30 29 28 26 27 46 55 54 64 68 77 75 78 81 82
Time elapsed: 2.94531 seconds
PS D:\Studia\V sem\AlgoMeta\Lista3> g++ -o main_local genetic_ox_local.cpp -std=c++11
PS D:\Studia\V sem\AlgoMeta\Lista3> ./main_local.exe
Genetic Algorithm (OX)
File: xqf131
Average Cost: 697.38
Minimum Cost: 654
Best Solution: 87 88 72 73 60 61 59 58 57 52 56 51 47 48 49 50 65 69 62 66 63 71 76 67 70 79 80 83 84 85 86 90 91 95 96 97 103 104 122 129 
131 127 126 125 124 118 121 114 130 123 112 105 106 102 99 111 120 117 116 128 119 115 110 109 108 113 107 101 100 98 93 94 92 89 74 53 45 
19 25 17 16 15 14 18 13 5 12 6 1 7 8 2 3 9 4 10 11 24 44 43 42 41 40 23 39 37 38 22 36 35 34 21 33 32 31 20 30 29 28 26 27 46 55 54 64 68 77 75 78 81 82
Time elapsed: 2.77341 seconds
File: xqg237
Average Cost: 1441.3
Minimum Cost: 1393
Best Solution: 149 148 147 146 136 135 130 129 128 115 117 116 118 119 120 122 121 108 109 107 95 91 98 84 100 111 110 99 85 86 92 82 106 103 105 94 90 81 97 104 101 89 88 96 93 79 80 74 87 61 59 56 58 55 65 60 47 39 38 48 57 37 36 30 27 19 20 5 1 9 8 14 15 16 18 24 31 32 29 23 26 33 34 35 42 49 40 41 50 51 53 54 45 21 6 10 2 11 17 12 22 7 3 4 13 25 46 28 66 72 71 69 70 63 64 52 44 43 62 67 68 83 75 76 77 102 78 73 112 127 126 125 134 143 142 133 144 180 179 188 187 178 171 170 186 199 202 236 237 235 234 224 223 201 211 212 213 200 209 217 210 233 221 218 220 216 219 232 231 230 229 215 228 226 227 225 222 214 203 204 205 206 207 208 197 195 196 194 193 192 198 190 189 183 191 181 182 
173 165 172 145 174 166 167 175 176 184 185 177 168 169 157 156 153 154 152 138 140 141 131 123 124 113 114 132 164 163 162 161 160 159 158 139 155 151 137 150
Time elapsed: 6.56724 seconds
File: pma343
Average Cost: 2010.36
Minimum Cost: 1891
Best Solution: 176 173 167 164 165 166 161 155 151 145 152 149 157 159 160 153 150 146 136 130 132 128 121 126 129 133 134 143 142 135 131 
124 123 122 97 92 93 91 90 89 87 88 109 103 104 105 94 95 85 84 82 79 76 73 65 64 66 67 68 69 70 58 59 71 72 61 60 54 48 56 52 46 53 49 47 
41 42 43 50 44 36 34 31 28 26 8 9 11 24 7 6 18 17 4 5 21 20 19 22 25 23 14 2 3 16 1 15 13 12 10 35 32 27 30 29 33 39 40 38 45 37 51 55 57 62 63 83 80 74 78 75 77 81 96 99 100 101 86 98 107 106 110 112 113 111 108 102 116 115 114 117 118 119 120 125 127 137 147 138 140 139 141 144 158 154 148 156 162 168 169 170 171 178 177 163 172 180 186 197 193 179 184 191 192 194 195 196 204 206 203 212 215 216 217 218 223 227 
228 230 232 231 233 234 235 236 238 237 247 253 255 257 265 264 259 258 251 254 252 246 245 256 261 260 270 262 269 277 279 276 278 285 299 286 284 283 320 313 300 304 309 310 305 311 306 316 318 319 303 298 312 325 341 343 342 339 340 338 332 330 331 337 333 334 335 336 324 328 327 326 329 322 323 321 315 314 317 308 302 307 301 294 293 295 287 288 296 297 291 290 289 292 281 280 282 275 274 273 267 266 263 271 272 268 248 244 250 243 249 242 239 240 241 229 226 224 225 222 219 220 221 214 213 210 207 208 211 200 209 202 201 205 198 199 187 188 189 
190 183 175 182 174 181 185
Time elapsed: 13.9091 seconds
File: pka379
Average Cost: 1928
Minimum Cost: 1859
Best Solution: 280 273 268 260 259 251 252 250 249 239 236 234 233 231 221 220 219 232 235 240 248 217 226 216 218 210 211 205 207 213 208 
204 215 214 224 227 209 202 200 194 199 195 201 197 196 181 180 187 186 179 176 173 175 167 168 166 165 155 154 156 157 158 149 135 136 134 139 148 147 144 133 126 120 108 95 94 84 72 73 65 66 71 70 67 57 58 53 54 55 45 42 32 33 31 25 18 15 14 21 13 23 20 22 10 3 2 1 4 5 6 7 8 
9 11 12 16 17 19 26 24 35 34 39 36 41 44 46 43 37 30 29 28 27 38 40 56 48 61 49 50 51 52 47 60 59 64 62 69 68 63 74 79 80 83 82 81 78 77 76 75 85 90 88 86 92 87 89 91 98 99 102 101 100 97 96 109 110 115 121 128 127 129 123 119 113 118 114 107 93 103 104 105 106 117 125 124 111 
112 116 122 131 140 146 152 150 142 141 138 132 130 137 151 153 145 143 159 160 161 162 163 164 172 178 189 170 169 174 171 177 182 183 184 185 188 198 190 192 193 191 206 203 212 222 223 225 228 229 230 243 238 237 241 242 247 245 244 246 254 253 267 258 261 255 256 257 262 263 264 266 265 281 282 299 298 297 285 284 275 271 278 274 272 279 277 269 270 276 283 289 295 300 317 312 322 331 330 329 338 328 342 346 340 349 360 356 364 365 367 363 376 372 361 378 374 366 370 375 379 377 371 369 362 368 373 357 358 354 355 359 353 351 350 352 347 343 341 
344 348 345 337 336 333 335 334 339 332 326 325 321 318 319 320 315 313 309 305 308 301 303 306 324 323 327 316 314 311 310 302 304 307 296 294 293 291 290 292 286 287 288
Time elapsed: 16.2977 seconds
File: bcl380
Average Cost: 2583.76
Minimum Cost: 2448
Best Solution: 22 21 3 2 4 15 16 51 54 70 72 101 105 104 115 84 87 106 107 108 109 168 217 218 216 219 220 235 221 222 223 224 225 191 169 
179 111 110 112 93 178 146 160 177 181 213 215 214 212 210 234 211 195 237 238 245 323 302 247 242 248 339 352 365 336 376 377 369 357 338 
286 290 288 287 259 260 261 263 273 262 272 257 256 270 258 271 284 285 289 325 320 321 348 358 378 379 276 304 305 307 306 353 367 373 303 300 275 309 301 299 298 266 274 297 296 295 364 363 362 371 361 360 370 359 350 351 349 326 329 327 330 328 322 324 308 293 294 291 292 265 264 246 227 226 180 170 155 154 113 131 114 89 82 94 83 66 67 95 116 117 156 171 172 173 143 144 142 157 118 119 121 132 123 120 122 124 
125 126 92 91 90 68 60 85 69 75 74 73 103 134 133 153 152 176 102 130 97 128 96 129 127 98 100 99 174 188 189 175 190 186 187 193 185 184 192 229 228 183 182 231 230 232 236 196 198 197 199 250 249 267 311 278 310 279 331 340 341 312 281 280 314 313 332 333 334 318 317 316 315 
366 372 380 375 374 354 342 343 355 344 356 346 345 347 335 269 253 252 268 251 240 243 204 203 209 208 207 206 205 202 233 201 200 282 337 368 319 277 283 255 254 241 244 239 194 151 167 149 141 71 65 48 17 18 46 19 64 78 63 62 77 57 47 80 79 86 139 166 165 150 148 147 140 138 137 145 162 163 164 136 135 158 161 159 76 55 43 44 45 59 56 58 42 53 40 61 41 1 14 13 12 35 34 33 31 52 32 50 49 29 39 30 11 10 28 26 27 
9 38 81 88 23 37 24 25 8 7 6 5 20 36 
Time elapsed: 14.7955 seconds
File: pbl395
Average Cost: 2014.29
Minimum Cost: 1864
Best Solution: 181 180 147 146 144 145 120 116 126 143 127 133 121 106 118 117 92 79 98 93 94 82 83 134 129 151 150 128 148 149 196 195 179 178 177 175 176 194 174 172 173 193 204 210 211 235 171 170 167 137 138 139 140 141 142 124 125 91 77 51 47 43 36 40 45 53 64 58 87 88 89 
104 97 105 115 114 103 96 75 74 84 123 165 166 164 163 110 122 136 108 99 109 86 71 69 70 62 63 57 56 73 72 100 111 112 119 113 101 95 102 
90 76 78 80 81 60 59 61 65 54 44 38 39 15 34 33 32 35 41 49 52 48 31 30 28 29 27 26 25 13 11 10 7 9 21 20 6 5 8 12 22 23 24 42 4 18 19 171 
6 3 2 14 1 37 46 50 55 66 67 68 85 107 131 130 132 135 152 153 187 186 185 197 201 224 215 217 218 206 199 202 207 219 251 299 282 283 301 
300 324 323 341 334 340 322 304 321 327 333 339 359 346 369 352 376 363 377 378 379 364 360 347 348 342 349 330 335 350 343 336 331 302 325 361 365 381 380 383 382 385 384 386 393 392 391 390 389 388 387 395 394 374 375 354 353 373 372 371 351 344 332 326 337 307 308 310 309 306 305 303 293 292 284 285 277 271 272 286 278 279 273 270 265 274 267 254 255 253 252 258 257 276 289 275 281 266 250 249 248 264 263 245 262 260 243 244 261 259 242 241 203 208 200 189 188 154 155 157 156 158 159 190 191 161 160 162 192 168 169 209 230 247 246 227 228 229 231 
232 233 220 221 234 236 222 223 212 205 213 239 240 238 237 256 268 280 288 287 312 313 311 294 295 296 297 317 316 315 314 356 355 366 367 357 368 370 329 362 338 345 358 328 320 318 319 298 291 290 269 216 226 225 214 198 184 183 182
Time elapsed: 15.9649 seconds
File: pbk411
Average Cost: 2088.12
Minimum Cost: 1973
Best Solution: 41 52 99 123 151 162 174 195 205 215 246 257 279 261 264 267 266 249 250 268 248 247 234 233 228 216 204 177 178 179 176 175 168 169 164 152 153 140 128 129 104 82 84 83 64 74 75 65 58 46 45 47 27 26 25 44 57 24 22 5 6 23 7 4 3 21 63 43 19 1 2 20 56 62 73 76 77 85 86 87 97 66 29 28 30 8 32 31 33 34 35 36 37 39 38 40 68 69 49 50 51 72 95 119 120 121 136 139 142 156 149 157 144 143 134 148 167 165 171 200 201 203 202 227 238 240 239 278 277 276 274 273 272 275 224 226 225 210 223 199 191 190 192 193 194 170 138 137 118 117 122 115 116 93 94 67 92 91 90 89 88 114 132 111 112 113 133 155 198 209 214 230 221 220 212 184 197 185 186 187 188 208 222 213 237 252 253 254 255 251 243 242 244 236 270 283 269 282 219 207 183 182 181 154 147 141 131 110 108 109 130 107 106 105 146 127 126 102 100 101 103 96 80 81 79 125 
124 145 163 180 196 206 211 218 217 229 235 265 263 262 259 258 260 280 281 287 292 301 293 294 302 285 295 284 298 303 296 288 297 304 309 314 315 310 311 316 312 338 382 410 407 408 370 409 384 371 327 324 325 326 323 322 369 335 349 358 367 368 375 379 404 406 405 403 400 401 402 357 341 333 332 346 355 339 321 319 320 330 331 362 373 363 354 364 374 340 347 356 365 334 348 398 411 399 397 396 378 392 393 395 394 389 391 390 377 353 345 352 344 361 376 388 385 386 387 372 351 343 360 381 380 383 366 359 317 336 350 342 337 328 318 329 300 313 307 
306 289 299 308 305 291 290 286 271 256 245 232 241 231 189 172 173 161 160 150 159 166 158 135 98 59 54 61 60 55 53 42 18 16 17 15 14 13 12 11 10 48 71 78 70 9
Time elapsed: 16.7814 seconds
File: pbn423
Average Cost: 2136.66
Minimum Cost: 2047
Best Solution: 189 188 190 191 192 234 223 235 211 224 219 210 196 197 193 194 195 208 232 233 289 302 308 341 316 301 314 306 300 276 275 
286 320 323 331 353 366 352 351 330 333 332 334 335 298 248 264 263 265 249 250 278 279 280 281 282 292 291 290 299 303 309 304 310 318 317 345 344 343 342 372 363 362 360 359 338 340 339 336 337 321 315 307 297 288 260 261 262 247 222 221 244 270 257 256 258 245 246 231 259 313 329 328 322 285 274 273 269 268 267 266 243 238 218 220 226 225 209 215 174 175 173 164 168 217 230 236 251 254 240 242 277 271 272 287 305 311 312 327 326 365 346 404 390 411 394 367 347 348 349 350 413 415 414 417 402 391 368 392 405 418 393 370 371 386 379 385 378 356 358 
357 381 395 387 382 408 407 406 419 380 369 355 354 361 396 383 388 397 384 389 403 398 399 373 374 376 375 377 401 400 410 423 409 421 420 422 416 412 364 325 324 319 294 296 295 252 239 237 283 293 284 253 255 241 216 172 167 171 166 201 200 213 212 199 198 214 202 156 157 152 137 141 140 136 135 134 133 57 58 82 68 81 112 132 131 102 103 101 95 94 67 79 80 45 30 31 32 12 35 36 37 13 38 14 49 50 51 61 71 60 98 96 70 97 59 88 84 83 69 48 47 46 34 33 11 10 28 29 25 26 27 9 24 23 22 6 8 7 21 18 19 20 52 78 100 99 93 87 56 55 66 76 91 92 107 111 110 118 116 117 144 139 138 115 143 147 154 146 148 145 130 113 114 104 89 77 16 1 39 15 40 72 62 85 73 63 53 42 41 2 3 4 44 17 5 75 86 74 54 43 
65 64 90 106 105 108 109 119 120 121 123 122 124 127 128 126 125 129 151 165 170 150 162 163 161 169 159 142 153 158 149 155 160 176 203 177 178 179 227 228 229 207 206 205 204 180 181 184 183 182 185 186 187
Time elapsed: 17.2177 seconds
File: pbm436
Average Cost: 2224.88
Minimum Cost: 2135
Best Solution: 280 291 292 296 308 319 347 336 356 355 384 386 385 387 388 389 398 409 405 403 382 381 360 362 361 383 417 422 435 423 418 
419 424 436 426 425 428 427 414 431 429 430 432 411 402 401 392 399 400 410 413 412 404 406 391 390 365 352 348 337 331 323 322 311 310 321 309 318 306 307 316 335 344 345 330 317 303 294 276 275 261 257 219 218 215 214 213 216 217 241 253 262 258 251 252 220 221 223 222 242 254 295 264 259 244 227 243 240 193 207 157 145 146 147 148 149 150 166 171 181 182 183 184 190 196 209 210 211 212 197 185 172 186 187 199 237 249 247 234 235 236 260 256 268 270 269 324 327 332 328 333 339 376 378 375 374 371 373 372 368 366 370 369 367 358 349 338 353 350 377 
397 433 434 416 394 396 393 359 354 351 329 334 325 340 326 274 272 284 282 250 238 239 163 162 161 160 158 151 123 112 113 111 87 88 89 106 105 59 58 45 18 46 44 43 17 15 14 41 42 40 13 12 37 36 38 39 57 68 61 67 76 86 93 103 104 144 110 142 143 140 139 138 137 135 136 141 156 170 179 194 180 195 233 232 246 266 265 290 278 277 305 304 302 301 300 299 298 315 314 343 364 342 313 287 286 289 288 297 293 281 285 312 320 341 357 408 415 420 407 421 395 379 380 363 346 283 271 273 279 263 245 248 189 159 125 124 107 108 109 77 95 83 94 56 47 16 20 19 1 
21 22 23 24 2 49 62 48 25 3 50 70 79 96 78 69 63 71 80 90 114 127 129 128 154 153 126 152 188 198 191 167 173 164 174 168 165 175 169 176 192 200 202 201 177 134 133 132 130 155 131 98 99 97 116 117 118 115 81 64 100 91 82 31 9 8 6 7 30 5 28 29 51 26 4 72 27 52 65 60 73 10 32 53 84 92 66 74 54 11 33 35 34 55 75 101 102 85 121 122 120 119 178 206 205 204 203 208 224 225 226 228 229 230 231 255 267 
Time elapsed: 18.1102 seconds
File: xql662
Average Cost: 4126.2
Minimum Cost: 3855
Best Solution: 74 62 63 64 71 65 72 78 79 80 81 67 68 45 31 32 6 27 28 29 30 26 25 52 91 89 55 46 40 38 36 39 41 47 53 83 92 94 106 141 131 166 159 154 152 155 140 129 128 139 138 126 127 101 105 100 125 124 104 103 121 123 120 122 130 119 118 117 116 115 114 113 135 137 136 112 111 110 109 108 133 107 95 98 93 84 85 88 87 51 7 33 8 1 9 44 54 57 49 43 48 42 56 86 90 97 96 134 132 146 147 168 185 204 214 209 158 153 178 233 227 220 219 226 217 234 243 235 228 236 244 238 246 191 192 190 189 187 188 221 206 170 193 208 207 237 222 229 205 186 245 253 255 241 203 239 247 265 302 331 334 335 346 388 359 358 413 423 467 440 441 442 461 462 475 474 492 493 518 519 520 521 561 554 555 563 562 
584 573 583 572 595 603 594 571 582 570 560 522 523 538 530 537 529 527 526 524 525 553 552 509 511 489 503 483 490 482 486 480 472 438 439 437 436 427 428 404 405 377 376 360 361 362 363 354 379 378 397 393 380 381 365 364 366 383 367 350 349 355 372 371 369 370 373 353 343 311 321 312 344 386 385 374 356 352 351 456 453 431 432 433 454 458 481 478 466 465 468 469 459 424 422 392 421 420 414 455 457 506 498 497 496 528 495 494 471 447 446 463 470 476 464 448 449 452 460 450 451 434 419 411 368 384 401 430 418 417 416 410 382 408 400 409 399 398 407 
406 415 429 444 445 443 473 491 504 517 516 515 514 513 512 510 539 556 568 551 559 569 581 591 593 592 619 648 652 627 600 587 588 601 602 651 653 654 655 656 657 658 659 660 661 662 650 640 630 639 649 638 628 623 637 629 604 605 606 596 597 574 575 576 585 577 586 578 579 557 532 534 533 531 505 499 500 484 535 536 540 545 541 542 546 547 550 548 544 502 507 508 558 567 566 616 617 634 590 589 622 647 646 620 645 626 621 625 614 615 613 618 644 643 642 612 611 608 607 633 632 624 631 598 599 609 610 635 641 636 580 564 565 549 543 479 501 487 485 
477 488 435 426 412 391 357 375 396 403 395 402 394 425 389 390 387 342 307 332 289 288 287 285 286 284 282 281 280 301 279 278 277 276 273 268 267 295 269 294 293 308 324 315 314 323 337 336 347 338 325 296 270 259 272 274 309 271 297 298 262 263 283 292 320 318 317 328 319 329 327 326 316 339 340 341 348 330 310 300 299 275 260 261 256 194 198 199 200 201 210 202 182 173 181 195 196 197 176 212 218 250 249 251 252 242 254 232 225 266 291 223 333 313 345 322 306 305 304 303 290 264 258 257 248 240 230 211 213 224 231 215 216 183 184 160 167 165 151 
157 164 177 174 175 172 171 142 148 143 149 150 161 156 169 179 180 163 162 144 145 102 99 75 76 77 82 66 5 23 35 24 22 21 4 20 19 18 3 16 
17 34 37 15 2 14 13 11 10 12 50 58 59 70 60 69 61 73
Time elapsed: 41.5855 seconds
File: xit1083
Average Cost: 6274.83
Minimum Cost: 5997
Best Solution: 445 444 418 434 435 446 437 421 420 409 387 358 357 389 388 386 385 345 351 294 295 292 293 291 290 285 284 322 332 348 356 
350 343 344 323 288 289 287 259 258 265 244 232 243 246 233 191 193 194 196 195 159 168 157 172 189 216 190 217 247 234 248 218 219 192 249 235 250 260 261 266 267 269 296 297 314 315 271 298 264 237 227 226 252 270 268 263 262 201 202 198 197 206 199 200 162 161 169 173 160 141 156 166 155 167 185 188 187 186 215 224 214 183 184 231 242 223 212 213 182 181 222 180 211 177 179 178 245 286 275 274 302 349 395 426 352 355 354 353 333 276 277 307 308 282 283 330 320 309 321 331 347 342 346 336 319 329 341 340 339 328 366 368 369 367 365 392 364 410 422 
405 423 449 448 450 424 411 393 406 371 425 408 407 370 373 374 372 375 376 377 427 378 379 380 394 428 412 429 438 471 492 482 504 519 526 505 484 494 506 590 615 630 634 631 616 645 646 647 672 670 671 673 674 676 677 675 678 698 709 699 681 679 680 684 682 683 638 632 617 621 609 563 562 612 601 600 599 610 611 688 697 687 712 723 782 784 805 879 921 880 816 786 745 744 785 716 715 717 700 691 692 650 651 690 649 695 710 711 783 804 803 781 809 827 815 875 877 876 849 907 920 968 1000 941 942 943 908 904 922 939 938 936 970 969 1003 1002 1021 1031 1043 1030 1041 998 997 996 1040 1062 1069 1068 1082 1083 1070 1032 1047 1046 1061 999 967 963 962 934 918 933 995 993 1023 1067 1066 1065 
1064 1029 1081 1079 1080 1078 1077 1063 1058 1057 1073 1056 1028 1018 1019 985 987 989 992 994 961 964 919 935 902 903 874 872 873 900 901 
870 871 869 847 848 846 845 824 780 701 686 696 703 718 724 747 746 721 778 777 776 775 774 823 769 770 771 768 767 740 764 765 763 737 736 739 738 759 760 813 795 794 758 761 796 757 756 817 811 807 818 789 810 852 881 924 910 905 911 886 926 887 884 850 882 925 947 974 975 1006 1007 977 976 1004 972 1005 973 971 1020 1001 1024 1033 1045 1060 1044 1042 1022 1071 1049 1048 1050 1026 1027 1011 1009 1010 979 978 1008 1034 1025 1035 1036 1054 1053 1052 1051 1072 1055 1037 1014 1013 1012 980 981 953 890 891 892 862 895 893 894 865 866 867 896 864 863 861 835 836 808 800 762 798 799 797 820 834 833 832 830 831 819 812 829 792 793 791 755 754 719 705 725 726 708 669 667 666 662 663 664 665 668 706 637 627 620 626 619 625 607 636 644 577 581 579 546 578 580 606 576 605 604 613 618 635 633 624 735 734 733 732 753 752 790 750 749 751 693 658 659 660 661 714 704 731 727 720 728 729 730 748 787 802 801 821 828 806 788 825 837 838 878 929 899 937 909 944 940 946 945 923 
851 883 854 853 855 885 856 857 858 860 859 888 889 912 950 948 949 952 951 927 913 954 928 914 915 930 931 916 897 898 917 932 960 991 990 1039 1075 1076 1074 1059 1038 983 1015 1016 1017 982 965 984 986 988 959 958 957 955 956 966 906 868 844 843 841 842 840 822 766 743 742 741 773 772 839 826 814 779 722 713 702 689 648 639 602 564 532 533 565 566 603 622 511 477 497 534 528 510 509 452 453 463 454 451 447 390 
359 360 338 316 304 313 310 305 301 300 311 312 326 317 335 334 337 324 303 325 273 299 272 253 236 203 204 225 205 171 174 175 207 208 209 238 228 251 254 255 210 176 153 148 147 132 138 145 149 150 152 146 139 133 129 127 122 92 120 137 131 91 119 128 90 89 77 78 88 117 85 60 61 63 68 79 69 64 55 2 56 24 23 21 49 1 22 20 48 47 18 17 46 45 44 42 54 43 16 41 40 15 14 39 38 57 53 37 36 13 12 10 65 73 62 66 83 84 75 74 106 125 107 108 110 109 116 164 170 112 111 113 115 114 134 142 136 143 135 124 105 118 104 103 102 100 101 87 82 72 11 34 33 52 35 9 8 32 7 31 30 28 27 3 26 25 19 6 58 29 50 4 5 51 71 86 81 97 99 98 96 95 80 70 59 67 76 93 94 130 144 126 121 123 140 163 151 158 165 154 220 221 239 240 229 230 241 256 257 278 280 279 281 306 318 327 361 404 362 363 391 473 518 525 498 512 488 499 537 539 541 543 545 544 542 500 513 540 538 574 575 643 642 657 654 656 655 694 707 685 652 653 641 623 570 572 571 568 569 573 640 628 567 596 535 536 529 527 478 487 464 465 479 466 480 489 514 481 467 460 430 413 414 416 415 441 440 442 443 417 419 403 402 400 401 384 382 383 398 381 396 397 399 433 432 
431 436 439 474 475 495 485 559 558 557 556 555 521 552 520 493 483 472 461 459 458 456 457 470 469 503 491 517 502 455 468 516 515 490 501 530 582 614 629 608 583 584 585 549 547 548 588 591 592 589 586 587 550 551 553 554 595 593 594 597 598 561 560 531 524 496 523 508 476 522 507 486 462
Time elapsed: 100.79 seconds
File: icw1483
Average Cost: 8118.9
Minimum Cost: 7569
Best Solution: 295 294 272 116 39 114 115 113 40 122 44 45 43 179 180 124 125 123 42 121 120 119 118 41 117 176 112 38 37 111 36 91 68 79 275 278 276 391 429 527 541 538 616 623 699 777 628 630 703 702 749 780 631 632 550 551 518 469 497 498 552 565 554 520 500 395 426 425 394 
303 304 305 301 299 274 298 390 300 302 130 128 127 126 46 47 49 129 131 50 52 133 182 137 136 132 135 54 55 138 183 197 251 397 396 311 472 522 556 555 714 647 648 715 731 797 796 794 792 713 729 787 837 835 834 783 781 832 833 640 641 707 706 636 635 634 633 637 638 704 705 750 782 751 836 752 784 708 642 643 709 711 712 710 785 786 838 839 753 645 644 646 649 650 567 651 568 569 653 652 570 571 572 656 657 660 
661 574 654 755 793 881 880 883 798 799 801 800 882 884 886 888 957 1000 1070 1113 1143 1114 1001 1015 1040 1071 1106 1144 1146 1145 1197 1196 1194 1278 1189 1188 1190 1279 1323 1374 1411 1410 1409 1469 1432 1413 1414 1412 1415 1375 1347 1313 1348 1324 1192 1191 1193 1280 1281 
1282 1195 1376 1325 1198 1199 1200 1202 1204 1283 1205 1076 1045 1020 1005 963 1004 1075 1044 1019 962 1042 1074 1017 961 1016 1041 1072 1003 1002 960 815 761 824 823 821 817 816 762 679 820 819 818 735 677 680 683 587 588 536 482 456 439 589 687 765 841 736 719 766 689 593 594 595 596 597 690 598 599 600 606 605 772 846 847 848 927 926 925 924 974 920 919 921 922 1025 1053 976 977 978 1088 1119 1134 1136 1135 1237 1238 1296 1297 1298 1239 1234 1235 1233 1228 1229 1227 1224 1226 1225 1336 1319 1360 1392 1391 1337 1393 1394 1363 1395 1425 1442 1441 1476 1477 1443 1424 1423 1364 1396 1460 1241 1122 1121 1120 1091 1092 980 981 979 1090 932 930 931 929 928 933 776 830 724 716 610 608 694 607 691 603 722 769 740 742 741 826 827 771 770 721 768 738 739 692 604 601 539 562 537 484 457 512 540 458 485 592 591 865 908 909 910 912 842 844 843 913 914 916 915 917 1084 1023 1051 1085 1048 1083 1050 971 972 1021 1081 1161 1160 1159 1131 1158 763 825 840 764 902 903 969 907 905 904 906 1080 1079 1130 1115 1077 1157 1156 1153 1152 1149 1150 1148 1147 1203 1151 1155 1154 1206 1212 1213 1210 1207 1209 1047 901 968 967 966 965 672 812 863 864 858 860 862 861 811 859 857 855 897 1039 1013 1012 1038 1014 896 959 894 958 895 854 853 852 893 809 810 856 759 667 668 733 788 718 808 807 758 666 664 577 579 663 578 559 576 659 573 524 523 557 558 473 507 525 526 575 658 756 732 662 803 802 804 806 892 891 879 875 876 877 999 1011 1142 1110 1068 1037 1179 1272 1311 1430 1403 1431 1371 1370 1310 1271 1173 1171 1170 1169 1172 1008 
1009 1105 1178 1139 1177 1140 1141 1183 1182 1273 1180 1181 1312 1321 1372 1406 1345 1407 1408 1373 1346 1277 1276 1274 1185 1184 1186 1187 1111 1112 1069 887 890 885 956 955 954 1010 1036 997 1067 998 996 1066 1104 1175 1176 1174 1035 1034 1065 995 1033 1127 1126 1124 1167 1166 1302 1301 1258 1257 1255 1300 1256 1254 1253 1251 1163 1164 1165 1060 947 869 870 872 871 849 868 946 988 1061 1031 1100 1107 1098 1030 948 949 989 951 950 952 992 991 994 851 953 1063 1062 1125 1306 1307 1267 1270 1269 1309 1268 1266 1265 1264 1305 1168 1103 1007 1064 1109 1102 1032 1006 990 1108 1101 1137 1138 1259 1260 1262 1261 1263 1304 1303 1368 1342 1367 1366 1401 1399 1365 1400 1426 1427 1480 1479 1478 1470 1467 1405 1326 1275 1308 1201 1208 1215 1289 1284 1333 1349 1377 1344 1340 1369 1429 1343 1322 1382 1352 1445 1444 1420 1447 1448 1461 
1462 1463 1464 1397 1299 1248 1247 1246 1245 1446 1388 1357 1223 1293 1242 1236 1230 1240 1244 1243 1096 1029 1059 1058 1097 1123 1250 1249 1252 1398 1339 1320 1341 1402 1428 1481 1482 1465 1483 1466 1468 1471 1472 1435 1433 1434 1378 1379 1380 1314 1350 1381 1416 1327 1328 1285 1211 1214 1217 1216 1218 1220 1288 1287 1219 1286 1385 1354 1383 1417 1353 1384 1329 1351 1436 1437 1438 1449 1473 1474 1475 1454 1455 1452 1453 1404 1387 1356 1332 1315 1290 1222 1221 1331 1330 1421 1451 1450 1419 1418 1355 1386 1316 1334 1291 1358 1318 1359 1335 1292 1317 1389 1456 1458 1459 1457 1390 1439 1440 1422 1362 1361 1294 1338 1295 1231 1232 1086 1024 1052 1087 1054 1133 1118 1132 1162 1117 973 918 828 845 829 773 723 743 774 775 790 698 697 725 745 744 696 619 620 618 617 621 544 545 622 515 503 492 418 419 465 504 445 493 376 464 417 443 463 444 370 416 371 372 373 289 288 369 513 486 459 441 461 488 442 415 363 413 487 460 414 364 365 366 367 490 489 462 502 542 514 563 
564 543 521 612 613 693 609 611 614 615 491 374 375 290 291 244 254 271 141 143 175 110 174 173 109 35 108 34 107 171 32 33 105 168 104 31 
29 102 103 169 253 269 242 167 27 28 100 101 98 99 166 165 237 287 360 361 362 359 358 357 411 440 412 309 268 213 241 240 267 212 239 266 
286 354 355 351 350 352 353 265 235 236 210 264 211 26 97 164 96 163 95 25 162 193 161 87 20 86 89 88 21 90 92 93 94 23 24 22 308 233 234 209 285 263 232 207 192 208 159 158 205 229 227 203 202 225 201 281 280 403 321 329 328 330 331 404 434 430 327 325 326 405 406 436 332 337 
335 336 334 333 452 451 433 477 529 561 511 478 435 531 532 438 481 535 455 480 454 437 407 338 339 261 262 231 230 206 191 204 228 260 340 341 408 344 342 346 345 409 348 347 349 410 483 688 590 686 685 684 681 586 585 584 678 583 582 530 479 453 533 581 674 580 676 675 734 789 814 671 670 669 560 528 475 508 509 510 476 450 474 401 402 322 323 324 307 282 224 153 189 200 259 226 190 78 18 80 156 157 84 83 82 85 
160 19 81 17 77 154 155 76 16 75 74 73 15 14 12 72 11 71 70 10 8 69 9 152 223 222 199 7 67 65 5 6 66 150 151 149 198 221 257 256 277 252 258 279 400 319 316 315 318 317 314 313 399 312 220 184 146 2 62 148 64 4 1 61 147 145 58 60 59 139 56 53 134 196 250 219 306 470 519 499 393 392 424 423 389 310 296 248 249 218 273 297 247 217 177 178 195 194 216 245 215 246 292 293 270 283 284 243 238 214 172 170 106 30 13 3 51 48 142 186 185 187 188 144 140 57 63 181 255 398 427 428 432 471 449 501 506 505 639 873 874 1099 1018 1128 1129 1116 1089 1055 1093 1026 
1056 1027 1028 1094 975 1046 1078 1022 1049 1082 1073 1043 878 889 993 850 553 566 655 757 795 898 899 970 964 900 911 923 934 982 983 935 
936 938 937 985 1057 1095 939 940 986 984 941 942 987 943 945 944 866 867 629 728 717 748 727 779 791 778 831 746 747 726 701 627 626 700 625 624 695 682 665 673 760 813 754 730 805 822 720 767 737 602 534 356 320 343 368 377 378 379 380 546 547 549 548 516 517 466 431 447 496 
468 448 494 495 467 446 420 381 421 387 386 422 385 384 383 382 388
Time elapsed: 189.334 seconds
File: djc1785
Average Cost: 11286.3
Minimum Cost: 11017
Best Solution: 1683 1661 1682 1710 1644 1595 1643 1642 1653 1709 1681 1594 1592 1641 1591 1640 1680 1639 1784 1783 1782 1776 1770 1774 1753 1593 1694 1609 1502 1500 1499 1526 1555 1519 1487 1419 1353 1364 1387 1450 1470 1508 1514 1536 1483 1495 1579 1542 1540 1541 1461 1429 1375 1367 1383 1409 1442 1430 1443 1413 1431 1414 1416 1417 1415 1486 1446 1465 1445 1464 1485 1463 1444 1544 1543 1539 1537 1538 1462 1484 1412 1335 1302 1337 1336 1253 1301 1303 1252 1251 1217 1208 1231 1288 1304 1314 1319 1396 1402 1394 1390 1343 1254 1153 1126 1091 1135 1092 1104 1101 1176 1103 1116 1084 1054 946 901 838 871 968 951 965 1004 1005 1034 1031 1023 1111 1097 1069 1070 1039 1041 1042 1040 1100 1113 1136 1114 1099 1098 1112 1165 1166 1167 1043 1073 1074 1138 1137 1075 1171 1175 1118 1148 1115 1139 1170 1140 1117 1173 1174 1141 1172 1224 1257 1225 1256 1308 1307 1255 1223 1489 1496 1546 1590 1589 1588 1586 1638 1587 1637 1635 1636 1706 1678 1708 1741 1743 1744 1660 1742 1659 
1679 1740 1707 1658 1583 1634 1632 1580 1633 1704 1705 1677 1581 1582 1545 1515 1585 1584 1447 1516 1517 1448 1547 1548 1550 1551 1552 1596 1553 1422 1385 1384 1421 1467 1521 1549 1520 1518 1488 1466 1420 1418 1340 1341 1315 1342 1568 1621 1572 1739 1773 1775 1781 1780 1779 1759 1761 1762 1764 1728 1758 1757 1756 1725 1749 1748 1671 1615 1562 1563 1565 1564 1392 1391 1355 1351 1393 1473 1524 1474 1453 1531 1566 1616 1655 1670 1695 1618 1617 1619 1569 1570 1151 1180 1179 1195 1178 1149 1143 1119 1082 1049 982 983 944 981 870 943 872 947 874 876 875 833 832 873 945 991 1102 1120 1048 1080 1047 1046 1045 1077 1078 1079 1081 1142 1177 1194 1196 1197 1144 1083 1085 1086 1087 1145 1121 1150 1181 1050 987 919 949 986 957 956 921 955 920 878 877 835 788 759 763 726 737 725 710 637 618 576 577 529 528 541 527 542 452 453 476 530 509 507 554 555 595 614 620 647 648 679 646 645 640 639 711 738 739 789 798 923 924 408 462 474 480 488 461 410 411 412 373 288 259 311 312 261 237 272 260 168 135 238 289 372 371 370 421 420 417 418 415 374 375 376 377 416 378 339 413 464 463 479 487 498 596 584 534 533 512 511 
557 558 544 545 556 531 532 510 477 496 486 306 192 191 190 189 188 187 177 176 183 80 77 75 76 72 73 21 74 22 82 23 1 79 78 181 227 220 1 
9 218 182 222 221 225 223 224 184 185 280 335 337 330 303 304 267 232 281 231 228 186 230 282 283 308 331 307 338 363 366 310 258 236 117 83 37 107 133 116 132 167 166 31 27 25 81 26 5 178 3 24 4 106 131 163 164 179 29 30 32 33 6 34 8 7 36 38 39 40 134 84 9 10 85 86 87 45 48 50 52 12 49 46 44 43 42 88 89 120 152 109 137 119 47 11 138 169 170 171 172 174 139 140 153 121 91 55 53 59 92 93 142 110 122 104 56 54 57 13 94 96 154 155 143 124 157 156 203 204 318 243 244 246 245 319 320 341 342 294 276 293 340 317 275 263 262 196 198 199 197 239 273 313 274 
290 315 316 292 291 314 240 241 202 242 200 201 173 295 344 472 471 424 425 470 493 494 505 506 551 504 550 549 562 624 623 744 768 810 812 813 814 811 809 808 849 927 884 893 850 894 906 962 1061 1062 996 963 928 964 999 997 998 1002 1001 1018 1000 1021 1020 1019 1063 1064 1131 1108 1130 1129 1162 1192 1191 1193 1213 1244 1246 1298 1299 1282 1247 1250 1270 1283 1334 1333 1284 1300 1332 1379 1405 1440 1439 1458 1480 1403 1404 1376 1374 1331 1297 1280 1268 1281 1279 1295 1294 1327 1326 1325 1313 1293 1267 1276 1277 1266 1207 1128 1060 1059 1090 1094 1161 1190 1127 1147 1160 1159 1233 1274 1291 1263 1205 1235 1264 1292 1203 1204 1202 1234 1262 1290 1312 1321 1322 1275 1265 1236 1206 1237 
1209 1210 1239 1238 1278 1323 1324 1348 1395 1426 1475 1454 1476 1397 1398 1368 1369 1370 1399 1455 1436 1437 1456 1478 1427 1435 1477 1506 1532 1507 1438 1457 1479 1494 1428 1509 1510 1511 1513 1556 1631 1629 1578 1630 1703 1738 1737 1752 1736 1702 1676 1628 1576 1577 1627 1625 1575 1574 1573 1626 1735 1734 1733 1768 1766 1767 1732 1769 1674 1700 1675 1701 1624 1623 1720 1657 1535 1534 1533 1493 1401 1373 1400 1371 1372 1366 1349 1329 1328 1330 1296 1241 1240 1242 1243 1211 1212 1214 1215 1245 1216 1219 1218 1221 1220 1222 1269 1248 1183 1163 1067 1028 1096 1027 1025 1132 1109 1095 1066 1022 1065 1026 1024 1030 1029 1032 990 969 936 913 937 970 1003 967 912 896 932 911 933 910 909 930 
966 931 852 820 730 746 747 816 815 770 771 748 731 692 693 733 723 734 775 774 762 777 776 749 641 610 643 609 644 665 666 667 694 668 627 628 626 589 564 566 567 588 548 599 608 581 563 547 500 475 481 489 468 423 419 465 482 466 422 467 469 483 490 501 503 491 492 502 516 517 515 499 497 460 369 407 367 368 287 271 286 309 270 235 257 285 361 362 268 193 165 234 233 284 256 269 364 404 365 406 478 513 587 597 585 607 642 657 760 764 902 888 795 796 922 903 840 797 841 842 889 1013 1012 1014 1011 1052 1010 1122 1152 1089 1154 1123 1056 1055 1053 1105 1156 1157 1155 1182 1146 1058 1017 1015 1016 1107 1189 1188 1187 1186 1185 1158 1184 1093 1125 1124 1106 1057 958 925 883 845 846 905 892 847 805 806 807 790 767 793 907 848 961 993 995 992 994 950 926 960 959 891 890 904 882 843 800 799 801 804 802 803 765 740 727 716 766 741 761 684 654 655 656 685 728 717 742 683 652 650 651 682 681 680 712 715 621 619 606 605 603 580 553 594 604 579 593 578 592 602 638 636 
617 634 678 706 782 784 757 714 708 785 709 724 736 786 787 834 918 948 917 984 985 900 839 879 899 989 988 1088 1051 867 868 794 866 941 977 976 865 1169 1168 1076 1044 979 980 887 869 781 783 735 756 755 704 705 703 754 752 780 702 701 677 676 699 674 669 649 622 586 635 753 
707 758 844 908 929 942 818 851 857 861 914 897 938 916 940 974 973 972 1009 1008 1006 1007 1035 1036 1037 1038 1071 1072 978 975 886 863 862 864 831 791 779 792 830 751 700 750 778 769 743 688 653 629 625 600 591 598 590 565 559 582 543 575 508 495 393 473 455 398 409 414 427 
426 428 322 296 249 321 333 334 336 328 255 305 229 194 162 151 150 103 136 28 2 35 90 95 98 63 62 105 112 111 141 144 118 108 41 58 51 14 
60 61 97 123 125 158 205 195 247 248 250 277 345 346 343 429 430 431 432 456 380 347 298 297 323 332 299 265 278 207 253 300 279 252 325 383 386 385 382 381 379 324 251 264 206 159 145 126 113 15 64 99 127 66 68 16 100 67 65 146 114 128 160 161 148 149 130 147 129 115 70 19 102 18 20 71 69 17 101 209 210 212 211 254 208 226 213 214 215 175 180 354 355 388 356 357 390 358 389 359 360 449 450 451 448 447 445 458 446 444 443 442 440 441 387 457 484 438 439 353 352 349 348 326 301 266 327 437 436 384 434 433 435 538 537 569 570 524 539 523 522 520 518 514 535 521 519 536 568 601 611 552 616 630 631 633 632 612 583 571 525 526 540 574 613 573 572 485 217 216 302 329 350 351 392 391 394 395 397 396 399 459 400 402 401 454 403 405 546 560 561 615 687 658 729 745 718 686 659 660 661 719 690 689 662 663 664 691 713 720 721 670 671 
696 697 698 675 673 672 695 722 732 772 773 825 895 853 817 819 821 822 824 855 823 934 935 854 826 827 828 829 856 858 859 915 971 881 860 837 880 836 885 898 953 939 952 954 1033 1068 1110 1133 1134 1164 1249 1271 1344 1411 1408 1406 1382 1378 1377 1380 1381 1441 1459 1460 1481 1482 1407 1410 1512 1505 1571 1699 1751 1750 1656 1620 1567 1726 1755 1719 1696 1727 1760 1765 1763 1729 1731 1730 1672 1622 1673 1698 1697 1504 1503 1525 1501 1365 1363 1361 1362 1360 1359 1358 1347 1346 1273 1261 1289 1201 1199 1198 1230 1200 1232 1229 1311 1287 1317 1320 
1318 1316 1228 1260 1310 1286 1259 1227 1226 1258 1309 1339 1350 1338 1306 1285 1305 1272 1345 1386 1423 1424 1425 1468 1527 1432 1449 1389 1352 1354 1356 1357 1452 1472 1434 1433 1451 1471 1528 1529 1492 1388 1469 1498 1613 1614 1611 1612 1560 1561 1530 1559 1610 1667 1668 1692 1693 1724 1785 1777 1778 1754 1723 1669 1654 1691 1690 1718 1717 1652 1558 1557 1608 1651 1650 1689 1666 1688 1605 1607 1606 1649 1603 1602 1604 1648 1600 1554 1523 1497 1491 1490 1522 1597 1646 1685 1684 1662 1663 1686 1664 1712 1645 1598 1647 1599 1601 1714 1747 1716 1665 1715 1687 1722 1746 1713 1772 1771 1745 1721 1711
Time elapsed: 259.964 seconds
File: dcb2086
Average Cost: 12794.8
Minimum Cost: 12228
Best Solution: 1380 1492 1465 1490 1489 1464 1414 1376 1308 1309 1326 1288 1248 1249 1291 1312 1311 1310 1289 1384 1385 1387 1290 1134 1135 1084 1088 1102 1138 1170 1183 1229 1184 1182 1337 1327 1314 1272 1151 1150 1256 1399 1398 1423 1426 1400 1433 1428 1455 1437 1521 1566 1477 1478 1480 1479 1500 1475 1459 1476 1458 1456 1457 1439 1447 1402 1318 1274 1317 1332 1192 1193 1194 1195 1190 1021 1023 1020 979 980 934 
856 855 854 853 852 1000 998 1011 957 895 822 794 767 821 894 820 893 1132 1131 1112 1223 1295 1307 1306 1305 1285 1269 1286 1262 1255 1165 1079 1081 1114 1113 1080 1059 955 994 1009 1010 996 1012 997 1013 1064 1001 1016 1017 1019 1018 1014 1065 1015 1092 1090 1089 1061 1098 1091 1062 1121 1120 1167 1168 1139 1103 1097 1063 933 896 897 898 899 903 902 901 900 978 999 1142 1141 1140 1169 1137 1136 1118 1096 1087 1117 1083 1116 1086 1085 1250 1247 1246 1227 1228 1171 1143 1144 1172 1145 1146 1147 1188 1187 1148 1173 1186 1185 1174 1149 1230 1189 1233 1331 1316 1315 1273 1296 1191 1175 1106 1152 1153 1125 1122 1107 1071 1032 1033 1034 1035 1037 965 1004 966 967 948 968 969 970 972 950 958 
949 942 940 913 912 1040 1043 1042 1039 1038 1067 1041 973 915 914 873 851 871 870 911 1105 1031 983 964 936 981 1002 1003 1066 1022 1024 1025 1026 1030 1029 1027 1028 982 861 863 803 801 862 865 945 937 946 938 939 947 931 927 872 868 869 910 930 926 908 944 864 825 749 670 848 867 866 826 849 774 807 806 916 877 876 874 905 875 879 878 880 882 881 830 829 828 827 782 763 784 783 762 812 831 832 833 813 918 886 884 883 885 919 888 887 920 921 922 954 976 975 953 977 1058 1078 1077 1057 974 548 455 452 400 183 113 24 27 114 227 259 225 256 300 299 327 344 328 301 257 458 459 494 454 453 451 450 448 446 447 342 398 345 399 397 343 298 297 178 177 108 22 110 23 179 182 180 224 255 326 252 222 341 173 104 174 251 223 253 254 526 800 799 795 798 859 857 858 904 860 824 769 666 719 720 668 604 621 603 489 367 366 336 282 333 335 279 280 211 240 281 241 212 239 164 242 283 243 163 70 69 4 67 207 213 160 161 68 71 72 73 74 6 5 75 76 7 8 77 78 9 79 165 80 10 83 391 285 368 369 370 371 569 512 525 546 424 421 422 423 524 568 545 523 593 602 544 511 567 487 414 413 362 332 508 561 590 618 619 620 718 755 
768 756 770 771 772 802 796 722 721 667 622 570 426 425 427 244 286 214 84 86 85 215 288 167 95 93 14 92 90 89 15 94 96 97 99 98 20 105 107 106 175 21 109 176 296 295 250 221 294 340 293 170 100 17 18 19 102 103 172 101 171 247 249 292 248 291 169 219 218 217 208 290 324 338 289 246 220 325 339 395 396 434 433 432 429 428 430 431 394 375 376 392 374 373 372 337 82 81 87 11 88 13 91 216 245 377 393 436 435 437 439 
438 527 649 629 626 646 647 627 628 728 680 729 681 730 731 682 732 683 684 685 686 687 780 761 811 778 810 809 808 779 759 760 777 776 750 726 677 727 679 678 645 625 644 624 623 643 672 673 671 723 641 642 805 804 773 724 669 725 758 757 775 675 676 717 648 630 651 733 734 735 689 688 632 633 650 607 572 547 528 493 444 440 441 442 443 112 111 25 26 115 116 117 185 184 226 258 302 303 260 186 187 118 119 30 29 31 121 364 380 402 401 497 496 495 596 574 549 595 529 573 530 636 652 692 690 691 695 693 694 737 787 785 738 789 739 347 346 304 305 348 261 378 457 575 609 655 654 740 697 696 665 815 814 816 788 751 764 608 653 634 952 959 991 990 989 951 988 987 1006 1005 984 1044 1045 1047 1048 985 986 1051 1055 1075 1056 1076 1128 1164 1129 1127 1111 1110 1126 1210 1253 1336 1409 1411 1412 1461 1435 1408 1370 1369 1282 1371 
1366 1367 1365 1368 1364 1362 1393 1363 1302 1301 1280 1266 1240 1163 1160 1161 1181 1207 1162 1109 1123 1054 1053 1052 1050 1068 1049 1046 1158 1157 1156 1179 1155 1154 1178 1177 1176 1074 1036 1072 1094 1108 1095 1101 1100 1099 1124 1196 1297 1275 1236 1235 1277 1251 1257 1263 1293 1264 1238 1237 1276 1298 1333 1349 1403 1404 1405 1350 1351 1392 1352 1353 1354 1356 1320 1321 1300 1294 1239 1206 1180 1159 1205 1203 1200 1198 1199 1202 1204 1252 1279 1258 1265 1278 1299 1334 1335 1357 1358 1359 1360 1361 1485 1503 1487 1441 1442 1443 1486 1526 1527 1579 1580 1635 1634 1666 1615 1644 1595 1668 1667 1677 1767 1747 1746 1866 1865 1864 1862 1861 1863 1859 1858 2025 2051 2028 1971 1936 1953 
1994 2030 1929 1900 1854 1853 1855 1856 1857 2027 2026 2050 2024 2022 2049 2021 2020 2023 1846 1845 1794 1848 1847 1849 1852 1850 1785 1796 1784 1795 1783 1793 1843 1844 1899 1842 1840 1838 1916 1935 1952 1915 1951 1950 2017 1991 1992 1967 1948 1947 1966 1949 1913 1912 1832 1833 1836 1834 1835 1839 1914 1837 1831 1830 1910 1824 1826 1825 1829 1911 1823 1909 1822 1820 1819 1946 1827 1821 1906 1907 1944 1962 1933 1943 1905 1942 1932 1816 1814 1815 1817 1779 1780 1792 1791 1778 1773 1774 1777 1742 1740 1763 1757 1743 1692 1693 1694 1696 1697 1695 1733 1698 1699 1700 1701 1643 1600 1518 1454 1432 1427 1401 1313 1330 1397 1396 1422 1329 1328 1343 1342 1341 1340 1389 1390 1391 1339 1420 1419 
1497 1469 1449 1417 1418 1388 1386 1383 1394 1382 1446 1467 1468 1470 1593 1594 1552 1619 1508 1554 1682 1687 1737 1689 1690 1739 1738 1756 1755 1761 1762 1769 1811 1809 1810 1813 1812 1808 1805 1807 1806 1771 1751 1760 1750 1648 1642 1649 1620 1650 1606 1596 1555 1509 1510 1450 1451 1431 1472 1498 1471 1499 1556 1597 1607 1622 1623 1599 1610 1625 1654 1652 1653 1624 1609 1608 1559 1511 1513 1512 1558 1452 1453 1515 1560 1561 1514 1516 1517 1519 1522 1520 1563 1562 1655 1674 1703 1765 1782 1781 1702 1658 1675 1683 1684 1657 1627 1660 1628 1659 1705 1706 1663 1661 1629 1567 1598 1565 1568 1569 1571 1572 1573 1501 1483 1484 1502 1524 1578 1525 1613 1632 1577 1612 1574 1523 1481 1482 1576 
1575 1631 1630 1603 1602 1601 1611 1664 1665 1708 1710 1709 1734 1712 1713 1676 1715 1714 1753 1766 1775 1776 1867 1982 1995 2003 1919 2029 2031 2065 2064 2063 2062 2061 2060 2048 2019 1993 1969 1970 1934 1968 2018 2016 2015 1965 1990 2014 1945 1963 1988 1964 1989 2013 1987 1961 1960 1986 1981 2045 2047 2046 2044 2012 2011 2009 2010 2008 2007 2043 2006 2005 2042 2004 2085 2086 2058 1985 1904 1801 1898 1802 1804 1803 2002 2083 2082 2081 2080 2079 2072 2071 2073 2075 2070 2068 2067 2069 2074 2077 2076 2078 2052 2035 2036 2053 2000 2041 2055 2040 2039 2054 2038 1977 1976 2037 1886 1885 1887 1888 1889 1798 1797 1787 1884 1879 1876 1786 1872 1871 1870 1851 1841 1918 1869 1920 1956 1974 1997 
2032 2033 1998 1975 1930 1957 1999 2034 1958 1940 1938 1939 1924 1878 1881 1925 1882 1883 1901 1880 1877 1875 1923 1955 1937 1954 1973 1972 1996 2066 2059 2084 2057 2056 1984 1983 2001 1978 1931 1941 1959 1908 1903 1927 1828 1818 1770 1788 1759 1688 1691 1704 1744 1754 1758 1772 1752 1764 1741 1716 1711 1748 1749 1721 1722 1868 1860 1917 1921 1922 1873 1874 1768 1720 1719 1533 1536 1537 1538 1444 1463 1488 1462 1448 1410 1407 1406 1429 1438 1355 1372 1413 1445 1424 1378 1377 1415 1416 1287 1244 1245 1130 1225 1226 1133 1115 1082 1008 992 1007 993 995 892 890 889 891 906 845 846 659 661 746 617 599 539 519 589 748 747 754 753 745 818 792 744 766 752 793 658 639 713 712 637 657 656 638 536 558 587 507 537 477 478 479 387 318 235 274 319 234 157 156 155 56 158 57 204 237 331 322 361 405 406 485 409 510 566 601 600 521 542 543 522 488 419 415 416 418 417 412 388 403 389 360 404 359 330 321 320 236 275 202 203 201 149 147 146 49 148 50 199 150 151 51 145 144 198 210 273 272 317 354 315 356 355 353 314 313 192 137 136 45 138 139 195 196 143 48 47 194 39 42 41 130 131 129 36 127 126 37 35 34 188 306 262 228 189 190 264 309 265 310 308 263 307 349 383 585 557 535 516 472 470 471 474 473 352 311 312 230 266 351 350 583 534 469 385 384 467 468 475 476 505 586 517 598 640 660 662 588 559 538 560 518 480 481 483 482 591 562 509 484 486 663 664 592 563 540 565 411 410 323 277 276 
206 205 60 61 3 63 64 2 66 65 62 58 159 54 153 53 154 152 386 357 271 233 316 197 142 141 270 232 269 193 140 46 135 133 134 209 268 231 267 229 191 43 44 40 38 132 128 32 33 124 125 123 120 28 122 181 12 59 55 52 1 16 162 166 168 287 334 284 200 238 329 358 278 363 390 365 407 420 408 506 491 492 460 445 456 550 576 551 449 379 382 381 461 463 462 464 499 498 500 513 611 736 674 631 605 616 520 504 584 615 564 541 490 594 606 571 635 610 577 578 531 579 552 553 532 580 554 612 613 700 702 699 698 742 715 714 597 533 514 501 465 466 502 581 582 555 556 515 503 614 701 703 705 708 709 707 706 704 765 741 710 711 797 843 844 842 839 840 841 817 790 836 837 838 835 924 834 786 781 923 971 
932 960 941 935 907 909 943 925 847 819 823 791 716 743 850 917 929 928 956 963 961 962 1073 1060 1069 1070 1104 1224 1166 1093 1119 1211 1241 1267 1281 1260 1214 1215 1222 1243 1220 1219 1213 1217 1218 1212 1216 1221 1242 1284 1261 1254 1268 1303 1323 1373 1374 1375 1324 1304 
1322 1283 1319 1259 1234 1231 1201 1208 1209 1197 1232 1292 1271 1270 1325 1346 1347 1348 1345 1344 1379 1421 1338 1395 1425 1434 1440 1473 1436 1430 1491 1506 1507 1542 1553 1626 1647 1651 1656 1618 1605 1645 1678 1725 1736 1707 1745 1718 1717 1614 1633 1564 1557 1570 1621 1662 1604 1582 1532 1530 1529 1581 1528 1474 1460 1531 1583 1534 1535 1584 1585 1586 1539 1540 1541 1587 1669 1723 1724 1680 1685 1726 1735 1727 1728 1731 1732 1730 1729 1800 1928 1980 1979 1897 1894 1895 1896 1893 1892 1789 1891 1926 1890 1902 1799 1790 1672 1671 1639 1670 1638 1590 1592 1646 1673 1640 1641 1591 1617 1550 1549 1616 1681 1686 1548 1495 1496 1505 1494 1546 1547 1679 1637 1636 1588 1589 1466 1504 1493 
1545 1551 1543 1544 1381
Time elapsed: 369.403 seconds
File: pds2566
Average Cost: 15117.2
Minimum Cost: 14385
Best Solution: 631 597 615 599 616 596 595 614 629 594 593 555 538 567 580 587 578 586 537 508 471 535 532 485 530 494 496 415 393 414 337 
170 128 183 184 199 231 197 411 413 550 548 547 581 589 591 590 571 562 553 531 574 572 577 585 563 576 592 564 536 507 506 534 561 543 416 409 381 324 323 260 269 278 142 182 123 49 1 111 132 159 185 186 212 251 284 287 387 368 420 367 403 351 345 288 327 366 365 386 384 417 382 383 350 344 325 363 364 418 421 472 422 388 352 329 290 291 353 346 390 474 473 423 369 370 404 424 355 391 347 405 454 510 509 511 557 
556 681 720 744 771 770 769 743 772 738 740 721 688 689 690 691 712 692 860 1031 1030 1051 1104 1156 1172 1207 1272 1271 1331 1311 1312 1310 1363 1377 1385 1364 1340 1348 1332 1333 1313 1334 1314 1275 1259 1199 1200 1232 1233 1231 1174 1143 1142 1115 1053 1011 981 951 909 926 874 805 806 952 992 1054 1052 1055 1015 1016 1017 1056 994 993 953 927 954 929 910 955 928 808 807 749 748 640 641 639 637 635 634 636 708 638 642 605 622 623 624 709 731 643 606 625 607 443 492 442 441 495 467 444 445 468 446 448 447 452 470 450 451 453 419 412 385 326 286 285 
280 282 283 215 198 237 187 65 64 19 144 62 17 164 162 16 61 15 60 161 322 279 281 277 276 275 274 272 273 214 143 59 56 14 53 52 51 50 48 
13 54 55 57 211 213 259 258 261 440 466 488 437 465 438 252 248 247 250 249 246 319 244 245 232 241 242 243 202 201 233 200 35 234 203 236 
207 235 206 205 10 47 46 45 44 11 12 160 210 209 265 267 266 321 268 271 270 264 263 262 208 257 256 320 255 254 253 204 9 42 43 110 41 40 
8 37 38 7 36 109 33 6 5 34 32 3 108 126 107 127 4 31 2 30 104 102 103 106 105 99 125 131 156 177 139 176 93 87 91 90 89 28 94 92 124 97 101 100 29 95 96 98 140 179 178 158 157 196 226 227 195 228 225 194 193 224 154 175 155 130 122 138 137 129 181 152 153 174 136 121 82 120 119 118 80 25 24 79 78 22 74 73 72 70 68 63 113 67 18 58 39 112 145 165 188 217 216 218 289 328 389 354 330 294 293 292 221 219 220 166 147 69 133 146 163 114 66 71 20 21 75 115 134 117 116 77 76 23 81 26 83 84 85 86 27 88 173 222 192 300 302 338 339 359 428 427 455 456 480 426 425 397 375 376 377 305 304 238 239 223 301 303 299 333 298 295 297 191 151 172 180 169 150 135 149 168 167 148 189 190 171 296 332 356 331 372 357 373 478 475 477 476 406 394 392 371 348 407 374 395 349 334 336 335 396 358 479 541 542 560 582 601 602 603 600 598 568 559 569 558 
588 512 539 540 514 515 513 552 565 566 579 630 685 687 686 679 678 677 675 673 628 671 672 667 670 674 676 728 736 767 768 766 765 790 911 982 956 957 930 931 823 829 812 878 896 869 972 1008 1014 1012 784 797 747 781 800 798 739 707 715 714 722 604 701 655 669 668 719 727 735 742 723 725 737 1042 1044 1043 1004 971 942 906 920 986 1002 985 919 891 853 854 774 773 745 741 683 730 724 726 729 888 848 847 846 886 912 1037 1038 998 965 966 904 917 905 1089 1128 1129 1187 1165 1188 1130 1152 1146 1153 1091 1093 1134 1095 1133 1094 1132 1168 1191 1167 1221 1222 1224 1267 1307 1327 1305 1304 1326 1337 1344 1358 1303 1338 1345 1367 1138 1103 1102 1050 1101 1100 1048 1049 989 897 907 923 976 1047 1046 1007 1009 988 943 973 892 940 1003 1131 1090 1092 1190 1189 1166 1249 1161 1149 1214 1180 1204 1220 1219 1248 1298 1299 1297 1296 
1287 1292 1295 1265 1264 1316 1361 1351 1330 1453 1467 1552 1535 1517 1393 1533 1608 1640 1611 1642 1641 1660 1668 1746 1745 1795 1797 1796 1773 1910 1957 2068 2010 2008 1996 2020 2025 2105 2142 2126 2125 2180 2145 2131 2093 2050 2072 2011 1969 1965 1978 1981 1982 2013 1657 1621 1738 1735 1702 1862 1941 1896 1761 1762 1832 1818 1783 1909 1881 1854 1872 1893 1894 1873 1828 1855 1871 1920 1927 1980 1926 1892 1827 1800 1801 1802 1829 2012 2101 2100 2073 2135 2137 2203 2204 2278 2252 2245 2269 2289 2253 2207 2206 2205 2208 2139 2104 2103 2138 2102 2074 2099 2071 2098 2089 2064 2045 1947 2002 1983 1984 1985 2051 2075 2014 1928 2015 2016 1988 1986 1987 1938 1895 1806 1804 1805 1856 1807 1808 
1809 1709 1687 1688 1711 1751 1810 1831 1830 1874 1875 1897 1753 1754 1755 1756 1757 1811 1758 1752 1689 1712 1699 1690 1673 1648 1662 1672 1663 1649 1623 1622 1545 1543 1531 1520 1485 1498 1499 1544 1521 1523 1524 1501 1500 1465 1479 1519 1542 1518 1497 1483 1530 1496 1462 1435 1434 1463 1464 1436 1391 1461 1432 1478 1515 1495 1516 1484 1437 1438 1439 1466 1486 1522 1532 1573 1546 1487 1472 1444 1443 1471 1503 1526 1527 1534 1505 1528 1549 1489 1474 1445 1447 1475 1450 1449 1396 1366 1352 1317 1318 1237 1315 1280 1281 1283 1387 1380 1379 1378 1371 1451 1403 1404 1405 1402 1553 1551 1566 1586 1585 1584 1582 1583 1587 1588 1632 1591 1594 1556 1599 1633 1598 1568 1558 1559 1569 1562 1561 
1507 1509 1455 1456 1421 1420 1388 1384 1354 1383 1288 1246 1245 1244 1243 1213 1076 1122 1163 1151 1145 1182 1150 1162 1181 1242 1240 1263 1262 1241 1203 1212 1077 1080 1079 1081 1082 1078 997 983 961 935 996 914 960 995 933 959 932 1023 1022 1036 1035 1019 1018 1021 1020 1063 1062 1116 1064 1065 1066 1067 1068 1071 1070 1072 1075 1073 903 913 958 1025 1024 934 833 831 879 834 789 758 710 653 652 651 732 757 650 
649 648 646 647 644 645 756 755 788 826 828 825 824 821 830 832 827 819 820 822 787 754 818 873 816 877 817 753 815 876 875 809 810 811 813 814 786 752 751 785 804 872 803 902 950 925 908 991 1113 1114 1112 1141 1274 1273 1228 1258 1230 1010 990 979 900 795 780 699 632 618 619 
633 570 620 621 706 704 705 702 713 698 697 778 794 777 694 693 696 695 617 584 517 516 544 583 546 519 529 518 545 523 522 524 520 521 482 481 401 400 398 399 408 378 429 379 308 312 314 315 230 229 141 240 318 316 317 343 313 342 309 310 311 307 341 340 306 360 361 460 402 462 461 526 525 483 484 430 457 458 459 362 410 380 432 431 433 434 463 435 464 436 487 486 527 489 490 439 491 493 657 658 659 661 660 608 626 662 664 663 665 610 609 627 666 612 611 711 551 549 533 613 575 505 504 503 501 502 500 528 449 498 497 469 499 573 554 654 656 759 836 
835 881 882 883 880 915 962 963 1083 1026 999 1028 1027 964 936 839 837 884 885 840 838 792 764 762 761 791 760 763 733 716 717 718 734 843 799 801 842 841 887 1013 1247 1293 1290 1291 1289 1183 1266 1215 1218 1217 1127 1086 1039 1029 1126 1125 1084 1185 1164 1124 1186 1216 1184 1294 1319 1320 1321 1356 1355 1372 1373 1374 1458 1423 1422 1457 1510 1564 1539 1639 1610 1609 1637 1636 1635 1536 1508 1454 1417 1416 1414 1418 1419 1412 1413 1410 1557 1555 1590 1724 1723 1739 1722 1721 1720 1737 1719 1765 1766 1839 1844 1884 1865 1902 1912 1883 1864 1767 1769 1822 1770 1726 1727 1741 1728 1742 1729 1730 1731 1679 1772 1825 1771 1840 1936 1937 1774 1777 1842 1850 1888 1917 1916 1907 1915 1964 
1963 1968 1972 1971 1973 1974 1970 2009 2032 2049 2134 2118 2048 1966 1967 2007 2097 2152 2192 2153 2248 2264 2347 2351 2353 2352 2284 2354 2355 2357 2402 2469 2449 2539 2499 2498 2496 2497 2451 2537 2538 2468 2406 2450 2410 2358 2285 2239 2238 2237 2267 2277 2266 2244 2199 2198 2250 2249 2265 2193 2195 2194 2196 2197 2136 2154 2119 2033 1975 1976 1979 1994 1995 1977 1793 1792 1791 1790 1788 1787 1785 1786 1789 1852 1919 1925 1891 1870 1853 1890 1889 1918 1869 1851 1843 1784 1782 1781 1780 1778 1849 1906 1841 1848 1775 1776 1779 1732 1704 1733 1743 1682 1681 1606 1607 1537 1538 1529 1563 1605 1604 1601 1602 1603 1600 1597 1595 1596 1593 1592 1567 1554 1401 1386 1406 1407 1411 1409 1408 
1452 1382 1381 1353 1342 1286 1285 1284 1239 1282 1238 1261 1279 1277 1278 1260 1144 1147 1177 1210 1159 1179 1211 1236 1119 1059 1058 1120 1057 1061 1117 1118 1201 1176 1158 1209 1234 1235 1276 1350 1341 1349 1365 1446 1473 1488 1504 1470 1442 1468 1440 1441 1469 1502 1525 1548 1547 1574 1575 1576 1627 1626 1653 1665 1625 1624 1651 1650 1658 1664 1675 1676 1715 1759 1813 1814 1812 1834 1836 1837 1816 1815 1835 1833 1858 1877 1922 1859 1860 1923 2028 2040 2061 2086 2114 2060 2112 2059 2084 2113 2175 2174 2172 2173 2171 2169 2144 2229 2230 2170 2058 2111 2122 2082 2083 2110 2081 2164 2108 2056 2035 2022 2121 2120 2055 2019 2021 1990 2034 2054 2079 2107 2078 2106 2077 2053 2076 2052 2017 
1989 2018 2140 2141 2143 2222 2224 2223 2227 2225 2163 2080 2109 2057 2023 2036 2037 2026 1992 2024 1939 1908 1991 1940 1921 1899 1898 1857 1876 1692 1691 1674 1652 1677 1694 1700 1693 1655 1654 1628 1629 1656 1630 1634 1579 1631 1580 1578 1581 1398 1399 1395 1394 1490 1506 1476 1448 1550 1565 1577 1678 1703 1717 1764 1736 1718 1882 1901 1911 1819 1820 1924 1930 1952 1929 1932 1931 1934 1914 1913 1867 1846 1845 1866 1821 1768 1740 1725 1868 1847 1886 1824 1823 1904 1905 1887 1935 1956 1954 1953 1955 2070 2092 2031 2004 2003 1959 1960 1962 2006 2005 2046 2067 2044 2094 2069 2047 2096 2095 1961 1958 1933 1951 1950 1949 1948 1993 2030 2043 2117 2090 2001 1946 1945 1944 2041 2087 2155 2159 
2160 2088 2062 1997 2029 2027 2039 2038 2123 2085 2177 2178 2176 2179 2233 2242 2258 2274 2257 2293 2378 2379 2381 2384 2383 2441 2429 2442 2430 2382 2385 2386 2280 2296 2276 2260 2232 2166 2167 2168 2165 2226 2228 2231 2295 2275 2294 2380 2387 2388 2391 2393 2394 2395 2432 2389 2390 2397 2308 2310 2312 2315 2314 2298 2302 2317 2318 2320 2399 2322 2321 2319 2316 2313 2408 2418 2434 2447 2462 2513 2481 2514 2512 2511 2460 2446 2407 2416 2309 2307 2306 2398 2396 2433 2444 2443 2431 2478 2561 2560 2559 2477 2440 2474 2404 2273 2256 2221 2220 2219 2255 2291 2272 2290 2377 2375 2376 2373 2372 2371 2374 2413 2366 2365 2412 2411 2362 2361 2286 2263 2236 2181 2235 2247 2281 2301 2271 2311 2401 
2403 2439 2475 2491 2515 2524 2500 2557 2546 2458 2445 2405 2459 2417 2323 2333 2268 2191 2200 2202 2201 2240 2251 2392 2282 2259 2243 2241 2261 2297 2292 2356 2409 2452 2470 2542 2540 2466 2535 2541 2471 2544 2543 2545 2548 2547 2472 2426 2453 2425 2448 2424 2343 2359 2360 2364 2363 2287 2288 2370 2369 2270 2254 2215 2213 2214 2217 2218 2216 2211 2212 2210 2209 2246 2279 2367 2368 2454 2427 2414 2428 2457 2456 2415 2455 2551 2552 2549 2550 2473 2476 2553 2554 2556 2555 2558 2562 2563 2564 2480 2479 2565 2566 2501 2502 2503 2504 2505 2506 2510 2509 2508 2507 2461 2419 2435 2463 2492 2482 2516 2517 2520 2518 2519 2493 2483 2484 2486 2495 2488 2489 2525 2522 2494 2487 2330 2329 2331 2187 
2188 2189 2133 2091 2132 2066 2151 2150 2149 2162 2185 2184 2304 2303 2325 2326 2328 2327 2324 2485 2521 2523 2526 2527 2490 2528 2533 2532 2531 2529 2530 2534 2536 2467 2423 2422 2350 2346 2283 2348 2349 2437 2420 2436 2421 2438 2465 2464 2345 2344 2342 2341 2340 2339 2334 2337 2336 2338 2335 2400 2332 2300 2190 2305 2299 1903 1885 2234 2186 2182 2183 2148 2161 2147 2130 2157 2158 2156 2129 2115 2262 2128 2124 2146 2127 1998 1999 2063 2116 2065 2000 1943 1942 2042 1880 1863 1763 1817 1838 1861 1900 1879 1878 1716 1695 1701 1760 1714 1713 1698 1710 1734 1708 1685 1750 1707 1748 1749 1803 1798 1799 1826 1794 1747 1706 1683 1696 1705 1744 1659 1638 1680 1666 1667 1684 1697 1669 1589 1560 
1570 1540 1612 1671 1647 1620 1646 1645 1644 1619 1661 1686 1670 1616 1615 1613 1643 1617 1618 1571 1572 1541 1514 1614 1494 1513 1482 1460 1426 1429 1425 1427 1428 1430 1431 1459 1493 1481 1492 1511 1512 1491 1480 1477 1424 1415 1400 1324 1325 1323 1336 1343 1322 1357 1397 1370 1369 1335 1148 1160 1195 1175 1227 1229 1178 1202 1069 1074 1060 1140 1137 1034 1121 1085 1087 1088 1123 1041 1001 1040 938 984 967 916 937 844 845 849 850 851 890 889 852 941 970 969 918 968 939 1000 1045 1096 1099 1097 1098 1136 1135 1193 1206 1170 1169 1194 1154 1270 1269 
1302 1300 1301 1223 1192 1205 1268 1225 1226 1306 1328 1329 1347 1368 1390 1389 1433 1375 1376 1392 1362 1339 1346 1360 1359 1250 1253 1251 1252 1171 1155 1196 1254 1308 1309 1257 1255 1256 1197 1198 1208 1173 1157 1139 1105 1106 1107 1108 1109 1110 1111 1033 1032 978 924 948 898 863 899 864 867 866 865 868 870 901 980 949 802 871 782 796 783 750 703 700 779 776 859 861 862 793 775 895 947 977 946 1006 1005 987 975 974 945 922 921 944 894 855 893 857 858 856 746 684 682 680
Time elapsed: 560.438 seconds