Genetic Algorithm (OX)
File: xqf131
Average Cost: 576.53
Minimum Cost: 573
Best Solution: 96 97 104 103 111 110 109 115 119 116 120 117 122 129 128 127 131 126 125 124 113 108 107 106 102 101 100 105 114 118 121 130 123 112 98 93 99 94 92 88 87 89 74 64 68 75 77 78 81 82 79 76 71 67 63 66 70 69 65 62 56 51 50 49 48 47 55 54 46 45 53 26 25 18 13 5 12 1 6 14 15 16 17 19 27 28 29 30 31 32 33 21 20 7 8 2 3 9 10 4 11 24 44 43 42 41 40 39 23 38 37 22 36 35 34 52 57 58 59 60 61 73 72 80 83 84 85 86 90 91 95
Time elapsed: 65.3171 seconds
File: xqg237
Average Cost: 1043.2
Minimum Cost: 1026
Best Solution: 67 50 42 41 49 40 39 38 37 47 48 57 59 61 60 58 56 65 55 36 31 32 34 33 26 23 29 24 18 16 15 14 8 1 5 9 19 27 30 35 20 21 10 6 2 11 12 17 22 7 3 4 13 25 28 46 66 73 78 102 112 127 126 125 114 113 124 131 132 133 134 144 143 142 171 178 179 180 188 187 199 200 201 211 212 213 202 224 237 236 235 234 223 221 233 232 231 230 229 228 226 227 225 222 214 203 204 205 206 215 207 208 216 219 217 220 218 210 209 186 197 196 195 194 193 192 185 184 183 191 189 190 198 182 181 172 165 173 174 166 167 175 176 177 168 169 170 159 160 161 162 164 163 141 140 158 157 139 156 155 154 138 153 152 151 137 150 149 148 147 146 145 136 135 130 129 128 117 116 115 118 119 120 121 122 123 111 
110 109 108 100 99 98 92 95 107 106 105 103 104 97 96 93 101 89 88 87 74 79 80 81 90 94 91 82 83 75 76 84 85 86 77 72 71 70 69 63 64 45 54 
53 52 44 43 51 62 68
Time elapsed: 273.65 seconds
File: xqg237
Average Cost: 1043.2
Minimum Cost: 1026
Best Solution: 67 50 42 41 49 40 39 38 37 47 48 57 59 61 60 58 56 65 55 36 31 32 34 33 26 23 29 24 18 16 15 14 8 1 5 9 19 27 30 35 20 21 10 6 2 11 12 17 22 7 3 4 13 25 28 46 66 73 78 102 112 127 126 125 114 113 124 131 132 133 134 144 143 142 171 178 179 180 188 187 199 200 201 211 212 213 202 224 237 236 235 234 223 221 233 232 231 230 229 228 226 227 225 222 214 203 204 205 206 215 207 208 216 219 217 220 218 210 209 186 197 196 195 194 193 192 185 184 183 191 189 190 198 182 181 172 165 173 174 166 167 175 176 177 168 169 170 159 160 161 162 164 163 141 140 158 157 139 156 155 154 138 153 152 151 137 150 149 148 147 146 145 136 135 130 129 128 117 116 115 118 119 120 121 122 123 111 
110 109 108 100 99 98 92 95 107 106 105 103 104 97 96 93 101 89 88 87 74 79 80 81 90 94 91 82 83 75 76 84 85 86 77 72 71 70 69 63 64 45 54 
53 52 44 43 51 62 68
Time elapsed: 277.811 seconds
File: pma343
Average Cost: 1400.48
Minimum Cost: 1376
Best Solution: 138 147 156 162 168 169 170 179 184 191 203 192 193 194 195 196 204 207 210 213 206 212 215 216 217 218 219 220 222 224 225 
228 227 223 230 233 232 231 251 258 259 269 283 284 288 287 286 285 299 313 320 315 316 324 328 327 326 323 322 321 329 337 333 331 330 332 334 335 338 339 340 342 343 341 336 325 319 318 317 314 311 306 310 305 309 304 300 293 294 295 296 301 307 302 308 303 312 297 298 289 290 291 292 282 281 280 275 274 273 268 267 266 272 265 264 263 271 276 277 279 278 270 262 260 261 256 254 252 245 234 235 236 246 237 238 247 248 257 255 253 249 250 244 243 242 241 240 239 229 226 221 214 211 208 209 202 201 200 205 199 198 197 186 180 178 177 176 181 185 187 
188 182 189 190 183 175 174 173 167 166 165 164 163 172 171 158 154 148 157 159 160 161 155 151 153 150 152 149 144 145 146 142 143 135 134 133 131 129 126 124 123 122 121 120 119 118 117 116 115 109 102 100 101 103 104 105 97 94 95 85 84 82 79 76 73 67 68 69 70 71 72 61 60 56 
54 50 48 44 43 42 41 33 30 29 25 28 26 31 34 36 24 11 9 21 8 7 6 20 5 19 18 4 17 22 3 16 2 1 15 14 13 12 10 23 27 32 35 45 37 38 39 40 46 47 52 59 58 57 55 53 49 51 62 66 65 64 63 74 80 83 77 75 78 81 93 92 91 90 89 88 87 86 96 99 98 106 107 108 111 110 112 113 114 127 125 128 
130 132 136 137 141 140 139
Time elapsed: 794.72 seconds
File: pka379
Average Cost: 1363.68
Minimum Cost: 1346
Best Solution: 158 166 168 181 173 176 180 187 186 179 175 167 165 164 163 162 161 160 172 178 189 191 192 193 199 194 195 200 201 202 196 
197 211 210 205 209 204 208 207 212 213 214 215 222 223 224 225 228 229 230 237 238 243 242 241 247 246 245 244 250 249 256 257 263 264 265 266 282 281 280 274 268 273 272 271 277 278 279 288 287 286 285 284 290 291 292 293 294 296 305 308 313 309 306 303 301 297 298 299 302 304 307 310 311 314 316 337 336 345 348 341 344 343 346 347 350 351 352 353 357 354 355 359 358 366 370 371 374 375 377 379 378 373 369 362 368 372 376 367 363 364 365 361 356 360 349 342 340 338 328 329 330 331 339 332 333 334 335 327 326 325 324 323 315 321 320 319 318 322 317 
312 300 295 289 283 275 270 276 269 267 258 259 260 261 262 255 254 253 252 251 248 235 232 240 239 236 234 233 231 227 221 220 219 218 217 226 216 206 203 190 198 188 185 184 183 182 177 174 171 170 169 159 153 151 145 140 137 129 130 131 132 122 123 124 125 119 118 114 117 113 116 112 111 115 128 127 121 109 110 96 97 98 99 100 105 106 107 102 101 91 86 88 90 85 75 76 77 78 79 68 74 63 61 64 62 55 54 53 52 51 50 49 48 56 46 43 40 44 41 38 37 27 28 29 30 23 21 14 13 20 22 10 1 2 3 4 5 6 7 8 9 11 12 17 19 16 18 15 24 25 26 35 34 33 32 31 36 39 42 45 
47 60 59 58 57 66 65 67 69 70 71 72 73 84 83 82 81 80 87 89 92 93 94 95 103 104 108 120 126 136 135 134 149 148 147 144 142 139 133 138 141 143 146 150 152 154 155 156 157
Time elapsed: 1100.49 seconds
File: bcl380
Average Cost: 1670.33
Minimum Cost: 1647
Best Solution: 354 353 373 367 366 372 364 363 362 371 361 360 370 359 351 350 349 348 358 325 320 321 322 326 329 327 330 328 324 291 292 
308 293 294 295 296 297 298 299 300 301 309 303 304 305 306 307 278 279 267 250 249 276 275 274 266 228 229 230 231 232 236 196 197 198 199 240 243 200 201 233 202 203 204 205 206 207 208 209 241 244 255 254 269 253 252 268 251 282 318 317 316 315 281 280 314 313 312 311 310 331 340 342 341 343 344 355 332 333 334 345 346 347 356 335 368 337 283 319 277 239 194 167 166 165 164 163 162 159 161 158 153 152 176 190 175 174 189 188 187 186 193 185 184 192 183 182 173 172 171 157 156 155 154 170 180 191 179 169 110 111 112 93 82 89 113 131 114 94 83 95 116 117 142 143 144 118 119 120 121 132 122 123 124 125 126 127 128 129 96 130 97 98 99 100 102 103 133 134 135 136 137 145 138 139 147 150 148 151 149 140 141 71 65 86 80 79 78 63 64 48 19 47 46 18 17 45 44 43 55 58 56 59 57 62 77 76 75 74 73 69 85 61 53 42 41 40 1 14 13 12 35 34 33 32 31 52 60 68 92 91 90 67 66 50 49 11 30 39 29 10 28 9 27 38 26 25 8 24 37 23 7 6 5 22 4 3 2 21 36 20 16 15 51 54 70 84 72 87 81 88 109 108 107 106 105 104 101 115 146 181 160 177 195 237 238 245 247 242 210 211 234 212 213 178 168 214 215 216 217 218 219 220 235 221 222 
223 224 225 226 227 246 265 264 273 263 262 272 261 260 259 290 289 288 287 286 285 284 271 258 257 270 256 248 302 323 339 352 365 336 338 357 369 376 377 378 379 380 374 375
Time elapsed: 1056.67 seconds
File: pbl395
Average Cost: 1330.72
Minimum Cost: 1309
Best Solution: 147 133 146 145 127 144 143 126 120 115 104 116 105 97 92 91 78 77 76 90 96 103 114 125 124 139 140 141 142 173 172 171 170 
169 168 167 166 165 164 192 163 162 137 138 123 111 100 101 112 119 113 102 95 89 88 75 74 87 84 73 72 62 56 63 57 58 64 42 22 23 24 13 12 
11 10 9 8 21 20 7 6 5 4 19 18 17 16 3 2 1 14 37 46 50 55 66 85 67 68 69 70 71 86 99 108 109 110 122 136 132 131 130 107 135 152 197 185 186 153 154 155 156 157 158 159 160 161 191 190 200 203 208 189 188 187 199 202 207 219 218 224 206 201 215 217 251 299 282 241 242 259 283 301 300 304 323 324 330 335 342 349 361 365 364 360 348 347 340 341 334 322 321 327 352 369 339 333 346 359 363 376 377 378 379 380 381 382 383 384 385 386 387 388 389 390 391 392 393 395 394 373 372 371 351 344 337 332 353 374 375 354 355 356 366 367 358 357 345 338 362 368 370 
329 328 320 319 318 317 316 315 314 313 312 311 310 309 308 307 306 305 326 350 343 336 331 325 302 303 292 293 284 285 277 271 262 261 260 244 243 245 263 246 247 248 264 272 278 286 279 287 294 295 296 297 289 275 281 274 280 288 273 270 265 249 250 252 253 266 254 255 267 268 256 257 258 276 290 291 298 269 226 225 216 214 213 240 239 238 237 223 222 212 205 211 236 235 234 221 220 233 232 231 230 229 228 227 209 210 204 193 194 174 175 176 177 178 179 180 195 196 181 182 183 184 198 134 129 118 94 82 83 54 52 49 41 38 39 15 35 34 33 32 31 30 29 28 27 26 25 36 40 43 45 47 51 53 59 60 61 48 44 65 79 80 81 93 98 106 117 121 128 151 150 149 148
Time elapsed: 1096.02 seconds
File: pbk411
Average Cost: 1394.1
Minimum Cost: 1376
Best Solution: 21 4 3 2 1 20 19 43 56 62 73 82 83 84 63 64 57 58 65 74 75 76 77 66 97 87 86 85 113 114 133 155 132 112 111 110 131 141 147 
154 130 109 108 107 106 129 105 104 103 102 126 127 128 140 146 153 145 152 163 164 169 168 162 161 160 151 150 123 124 125 100 101 96 81 80 79 60 61 55 53 42 18 17 16 15 14 13 12 11 41 52 54 59 10 9 48 70 71 78 99 98 135 158 159 166 172 189 231 232 241 245 246 260 259 258 257 
256 271 279 286 289 290 291 280 281 261 262 263 264 265 266 267 268 269 270 283 282 288 296 297 304 303 298 295 284 285 294 302 293 287 292 301 300 313 307 306 305 299 308 317 318 328 337 336 366 383 380 381 359 350 342 343 351 360 372 376 385 386 387 388 389 390 391 392 377 373 362 353 345 361 352 344 329 330 319 320 331 321 332 333 334 340 347 365 356 339 346 355 363 354 364 374 378 393 394 395 396 397 411 398 399 400 401 402 403 404 405 406 379 375 367 357 348 341 368 358 349 335 369 407 408 370 409 410 382 384 371 338 327 325 324 326 323 322 314 
309 315 310 311 316 312 278 277 276 275 274 273 272 255 254 237 253 252 251 244 243 242 236 220 212 219 207 235 249 250 248 247 234 229 218 206 211 217 233 228 216 204 205 215 195 173 174 175 176 177 178 179 180 196 181 182 183 184 185 186 187 188 197 221 230 222 213 208 198 190 191 199 209 214 223 210 224 225 226 238 239 240 227 203 202 201 200 194 193 192 170 171 165 167 157 144 149 143 148 156 142 139 134 136 138 137 121 120 119 118 117 122 116 115 89 88 90 91 92 93 94 67 95 68 69 72 51 50 49 40 39 38 37 36 35 34 33 32 31 8 30 29 28 27 26 47 46 45 44 25 24 7 6 5 23 22
Time elapsed: 951.784 seconds
File: pbn423
Average Cost: 1404.48
Minimum Cost: 1383
Best Solution: 338 337 336 361 360 359 371 358 357 356 370 381 386 380 385 393 379 378 369 355 354 353 366 352 351 330 331 332 333 334 335 
323 320 314 306 300 275 276 286 288 297 301 307 315 321 316 308 302 298 289 290 299 303 309 317 318 310 304 291 278 279 280 281 292 282 283 293 319 324 325 296 295 294 284 255 253 241 252 239 237 216 214 213 202 201 200 199 212 211 198 197 196 170 165 171 166 167 172 156 157 152 140 141 137 136 135 134 133 132 131 112 103 102 101 81 82 68 57 58 69 83 84 88 96 97 98 59 70 60 71 61 51 50 14 49 48 13 38 47 46 37 36 35 12 34 33 11 32 31 30 45 67 80 79 95 94 78 100 99 93 87 52 25 26 27 10 29 28 9 24 23 8 7 6 22 21 20 19 18 44 56 76 66 55 43 5 4 3 2 17 41 
42 54 65 74 64 75 86 91 92 111 110 109 108 107 106 90 105 104 89 62 72 85 73 63 53 40 16 1 15 39 77 130 113 114 138 139 115 116 117 118 119 120 121 122 123 124 125 126 127 128 129 151 150 163 162 161 169 160 159 158 155 153 149 142 144 143 146 148 145 147 154 168 164 209 215 173 174 175 203 176 177 178 179 180 204 205 181 206 207 182 183 184 185 186 187 188 189 190 191 192 193 194 195 208 210 219 224 235 250 249 234 223 233 265 264 263 248 232 231 262 261 260 259 247 246 245 244 229 222 221 228 227 270 258 257 256 269 268 267 266 243 238 226 220 218 
225 217 251 236 230 240 242 254 277 271 272 287 305 311 322 312 273 274 285 313 329 328 368 350 349 348 347 327 326 365 346 367 394 411 390 404 413 414 415 417 391 402 392 405 418 419 406 407 408 395 387 382 396 383 388 397 384 389 398 403 409 420 421 422 423 416 410 399 400 401 412 377 376 375 364 374 373 372 362 363 345 344 343 342 341 340 339 
Time elapsed: 1056.95 seconds
File: pbm436
Average Cost: 1487.09
Minimum Cost: 1471
Best Solution: 381 360 361 362 344 335 345 355 356 347 336 330 318 317 316 303 304 305 306 307 308 319 321 309 310 311 322 323 331 337 348 
352 358 365 366 367 368 369 402 401 404 406 410 412 413 426 425 436 427 428 429 430 432 431 414 411 433 434 416 397 396 394 393 378 377 376 375 374 373 372 371 370 353 349 338 332 327 324 328 333 339 350 325 329 334 340 351 354 359 326 284 274 272 239 238 250 269 282 270 249 237 236 235 234 247 256 260 268 267 255 246 231 232 233 195 181 182 166 171 183 184 190 196 209 210 197 211 212 199 185 172 186 187 163 162 161 160 151 158 150 149 148 147 146 145 144 143 110 102 85 75 67 61 68 76 86 93 103 104 87 111 112 113 123 105 106 89 88 59 58 46 18 45 44 43 17 15 42 41 40 14 13 57 39 38 37 12 36 35 34 11 55 33 10 54 66 74 84 92 101 122 121 120 119 100 91 82 73 65 60 53 32 31 9 8 7 6 30 29 28 
5 27 26 4 3 25 24 2 23 48 49 62 70 79 69 78 77 47 19 20 21 22 1 16 56 83 94 95 107 108 109 114 96 90 80 71 63 50 51 52 64 72 81 99 98 118 117 97 116 115 129 154 128 127 126 153 165 168 175 169 176 192 200 201 202 208 203 204 177 155 130 131 132 133 134 135 136 137 138 139 140 141 142 157 156 170 179 180 194 193 178 207 206 205 224 225 240 226 243 244 227 228 229 230 265 266 280 296 292 291 290 278 259 264 277 295 
294 302 301 300 299 298 315 314 313 297 293 286 287 288 289 275 276 262 254 258 253 257 261 252 251 241 242 223 222 221 220 219 218 217 216 215 214 191 173 174 167 164 152 125 124 159 188 189 198 213 248 245 263 271 273 283 279 281 285 312 320 346 357 363 341 342 343 364 395 380 379 408 415 420 421 407 422 417 435 423 418 419 424 409 405 403 398 399 400 392 391 390 389 388 387 386 385 384 383 382
Time elapsed: 1127.36 seconds
File: xql662
Average Cost: 2620.08
Minimum Cost: 2575
Best Solution: 97 107 132 133 134 147 146 178 153 158 203 209 214 204 185 233 255 245 253 241 239 247 265 302 293 267 294 295 268 269 270 296 325 324 315 308 314 323 334 331 335 346 336 337 338 347 354 339 326 316 309 317 327 318 328 329 319 310 320 330 340 341 348 349 350 368 
367 383 410 400 409 399 408 407 397 406 398 393 380 381 382 366 365 364 363 379 362 361 360 378 377 376 359 358 388 413 423 427 428 404 405 429 415 416 417 418 430 434 448 447 446 463 462 461 475 474 493 492 504 491 483 473 444 445 443 442 441 440 439 438 437 436 467 472 480 486 489 482 490 503 514 513 512 511 510 509 539 556 551 568 559 569 581 591 592 593 594 595 603 619 623 628 648 652 627 600 587 588 601 602 651 653 654 655 656 657 658 659 660 661 662 643 644 645 646 647 634 622 626 617 590 589 616 621 625 620 615 614 618 613 612 611 636 642 641 
635 633 632 624 631 640 650 649 639 638 637 630 629 604 605 606 596 597 598 607 599 608 609 610 586 578 577 585 576 575 574 563 555 554 562 573 584 583 572 561 571 582 570 560 552 553 515 516 517 518 519 520 521 522 523 524 538 525 526 527 528 529 537 530 531 532 533 534 535 536 540 545 557 579 580 564 565 566 567 558 548 550 547 549 546 541 542 543 544 507 508 502 435 479 501 488 487 485 484 478 477 481 500 499 506 498 497 505 496 494 495 476 471 470 464 449 450 451 460 452 453 454 455 456 457 458 465 466 468 469 459 424 422 421 392 394 402 395 403 
425 426 412 396 357 375 391 390 389 387 386 385 414 420 433 432 431 419 411 401 384 369 370 371 372 373 374 355 351 352 356 353 332 342 343 344 345 333 313 266 291 306 305 322 312 321 311 304 303 307 290 289 288 287 286 285 292 284 283 282 281 280 279 278 301 300 299 298 297 271 272 273 274 275 276 277 261 260 259 234 226 219 243 235 227 220 217 205 189 188 187 186 168 169 179 180 162 161 156 148 143 142 149 144 145 150 163 170 171 181 172 173 182 174 175 176 177 213 212 211 218 240 230 210 202 201 200 199 198 197 196 195 194 193 208 192 191 190 206 
207 221 228 236 244 237 229 222 238 246 263 262 256 257 258 264 248 249 250 251 252 254 242 225 232 224 231 223 215 216 183 184 160 167 159 166 165 155 154 152 164 157 151 138 139 128 129 140 141 131 106 94 92 91 89 83 53 55 41 47 39 36 38 46 40 45 52 32 6 31 30 29 28 27 26 5 25 35 24 23 4 22 21 20 19 18 3 17 16 34 15 2 14 37 13 12 11 10 9 1 8 7 33 51 42 48 43 49 56 57 58 50 44 54 59 69 60 61 70 73 74 62 63 64 71 
65 66 72 67 68 81 80 79 78 82 77 76 75 103 104 100 101 105 127 126 125 124 123 122 121 120 119 130 118 117 116 115 114 137 136 135 113 102 
99 112 111 110 109 108 90 86 85 88 84 87 93 98 95 96 
Time elapsed: 3534.06 seconds